Date,Open,High,Low,Close,Adj Close,Volume
2019-06-03,11.960000038146973,11.960000038146973,11.520000457763672,11.729999542236328,11.729999542236328,29000
2019-06-04,12.0,12.300000190734863,12.0,12.229999542236328,12.229999542236328,40100
2019-06-05,11.989999771118164,12.119999885559082,11.920000076293945,11.920000076293945,11.920000076293945,42900
2019-06-06,11.899999618530273,12.140000343322754,11.899999618530273,12.0600004196167,12.0600004196167,22400
2019-06-07,11.920000076293945,12.119999885559082,11.920000076293945,12.109999656677246,12.109999656677246,21900
2019-06-10,12.180000305175781,12.180000305175781,12.050000190734863,12.079999923706055,12.079999923706055,19900
2019-06-11,12.140000343322754,12.15999984741211,12.069999694824219,12.140000343322754,12.140000343322754,48300
2019-06-12,12.020000457763672,12.020000457763672,11.869999885559082,11.930000305175781,11.930000305175781,56100
2019-06-13,11.640000343322754,11.850000381469727,11.640000343322754,11.770000457763672,11.770000457763672,10500
2019-06-14,11.819999694824219,11.819999694824219,11.710000038146973,11.710000038146973,11.710000038146973,13700
2019-06-17,11.800000190734863,11.829999923706055,11.760000228881836,11.789999961853027,11.789999961853027,34000
2019-06-18,11.880000114440918,11.880000114440918,11.779999732971191,11.84000015258789,11.84000015258789,38900
2019-06-19,12.0,12.0,11.84000015258789,11.890000343322754,11.890000343322754,36300
2019-06-20,11.949999809265137,11.949999809265137,11.859999656677246,11.890000343322754,11.890000343322754,15300
2019-06-21,11.739999771118164,11.739999771118164,11.5600004196167,11.5600004196167,11.5600004196167,17500
2019-06-24,11.609999656677246,11.75,11.609999656677246,11.680000305175781,11.680000305175781,19600
2019-06-25,11.65999984741211,11.720000267028809,11.630000114440918,11.640000343322754,11.640000343322754,12500
2019-06-26,11.5,11.670000076293945,11.5,11.649999618530273,11.649999618530273,47200
2019-06-27,12.1899995803833,12.1899995803833,12.020000457763672,12.050000190734863,12.050000190734863,26100
2019-06-28,12.079999923706055,12.100000381469727,12.0600004196167,12.079999923706055,12.079999923706055,21300
2019-07-01,12.479999542236328,12.59000015258789,12.4399995803833,12.510000228881836,12.510000228881836,40200
2019-07-02,12.34000015258789,12.550000190734863,12.34000015258789,12.539999961853027,12.539999961853027,56200
2019-07-03,12.630000114440918,12.670000076293945,12.5600004196167,12.619999885559082,12.619999885559082,43100
2019-07-05,12.6899995803833,12.930000305175781,12.6899995803833,12.90999984741211,12.90999984741211,19300
2019-07-08,12.770000457763672,12.949999809265137,12.770000457763672,12.9399995803833,12.9399995803833,11600
2019-07-09,12.569999694824219,12.770000457763672,12.529999732971191,12.770000457763672,12.770000457763672,11900
2019-07-10,12.649999618530273,12.760000228881836,12.649999618530273,12.6899995803833,12.6899995803833,34000
2019-07-11,12.65999984741211,12.65999984741211,12.59000015258789,12.600000381469727,12.600000381469727,15600
2019-07-12,12.609999656677246,12.6899995803833,12.510000228881836,12.649999618530273,12.649999618530273,8100
2019-07-15,12.649999618530273,12.6899995803833,12.649999618530273,12.680000305175781,12.680000305175781,12800
2019-07-16,12.300000190734863,12.510000228881836,12.300000190734863,12.470000267028809,12.470000267028809,19100
2019-07-17,12.199999809265137,12.329999923706055,12.199999809265137,12.319999694824219,12.319999694824219,40300
2019-07-18,12.210000038146973,12.260000228881836,12.109999656677246,12.25,12.25,12200
2019-07-19,12.300000190734863,12.319999694824219,12.260000228881836,12.270000457763672,12.270000457763672,17900
2019-07-22,12.289999961853027,12.489999771118164,12.279999732971191,12.359999656677246,12.359999656677246,10400
2019-07-23,12.40999984741211,12.430000305175781,12.359999656677246,12.369999885559082,12.369999885559082,21600
2019-07-24,12.34000015258789,12.40999984741211,12.329999923706055,12.34000015258789,12.34000015258789,20000
2019-07-25,12.329999923706055,12.329999923706055,12.15999984741211,12.220000267028809,12.220000267028809,15400
2019-07-26,12.020000457763672,12.050000190734863,12.010000228881836,12.050000190734863,12.050000190734863,24500
2019-07-29,11.970000267028809,11.970000267028809,11.800000190734863,11.84000015258789,11.84000015258789,18000
2019-07-30,11.609999656677246,11.75,11.609999656677246,11.729999542236328,11.729999542236328,40900
2019-07-31,11.640000343322754,11.6899995803833,11.539999961853027,11.600000381469727,11.600000381469727,43200
2019-08-01,11.479999542236328,11.680000305175781,11.479999542236328,11.529999732971191,11.529999732971191,50700
2019-08-02,11.350000381469727,11.600000381469727,11.350000381469727,11.399999618530273,11.399999618530273,32200
2019-08-05,11.84000015258789,11.970000267028809,11.720000267028809,11.779999732971191,11.779999732971191,29800
2019-08-06,12.699999809265137,12.930000305175781,12.699999809265137,12.859999656677246,12.859999656677246,134000
2019-08-07,12.989999771118164,13.239999771118164,12.930000305175781,13.1899995803833,13.1899995803833,32900
2019-08-08,12.890000343322754,13.020000457763672,12.890000343322754,13.0,13.0,18100
2019-08-09,13.1899995803833,13.1899995803833,12.720000267028809,12.829999923706055,12.829999923706055,13400
2019-08-12,13.470000267028809,13.470000267028809,12.489999771118164,12.850000381469727,12.850000381469727,41400
2019-08-13,12.619999885559082,12.630000114440918,12.569999694824219,12.619999885559082,12.619999885559082,13300
2019-08-14,12.640000343322754,12.680000305175781,12.550000190734863,12.569999694824219,12.569999694824219,26300
2019-08-15,12.760000228881836,12.760000228881836,12.649999618530273,12.729999542236328,12.729999542236328,36000
2019-08-16,12.699999809265137,12.779999732971191,12.699999809265137,12.779999732971191,12.779999732971191,10100
2019-08-19,12.90999984741211,12.90999984741211,12.729999542236328,12.75,12.75,55600
2019-08-20,12.8100004196167,12.930000305175781,12.8100004196167,12.829999923706055,12.829999923706055,105400
2019-08-21,12.84000015258789,12.869999885559082,12.720000267028809,12.770000457763672,12.770000457763672,33300
2019-08-22,12.880000114440918,12.880000114440918,12.800000190734863,12.829999923706055,12.829999923706055,35500
2019-08-23,12.800000190734863,12.970000267028809,12.800000190734863,12.869999885559082,12.869999885559082,24200
2019-08-26,13.020000457763672,13.25,13.020000457763672,13.100000381469727,13.100000381469727,55800
2019-08-27,13.5600004196167,13.710000038146973,13.539999961853027,13.569999694824219,13.569999694824219,39600
2019-08-28,13.470000267028809,13.529999732971191,13.470000267028809,13.5,13.5,17100
2019-08-29,13.5,13.510000228881836,13.010000228881836,13.5,13.5,18600
2019-08-30,13.380000114440918,13.380000114440918,13.279999732971191,13.329999923706055,13.329999923706055,14900
2019-09-03,13.529999732971191,13.6899995803833,13.529999732971191,13.6899995803833,13.6899995803833,23200
2019-09-04,13.710000038146973,13.710000038146973,13.510000228881836,13.569999694824219,13.569999694824219,31800
2019-09-05,13.789999961853027,13.789999961853027,13.609999656677246,13.649999618530273,13.649999618530273,19400
2019-09-06,13.640000343322754,13.729999542236328,13.640000343322754,13.699999809265137,13.699999809265137,17700
2019-09-09,13.670000076293945,13.770000457763672,13.670000076293945,13.710000038146973,13.710000038146973,26700
2019-09-10,13.859999656677246,14.039999961853027,13.859999656677246,13.970000267028809,13.970000267028809,47400
2019-09-11,14.149999618530273,14.239999771118164,14.149999618530273,14.229999542236328,14.229999542236328,18800
2019-09-12,14.479999542236328,14.479999542236328,14.100000381469727,14.279999732971191,14.279999732971191,13200
2019-09-13,14.300000190734863,14.300000190734863,14.149999618530273,14.210000038146973,14.210000038146973,27000
2019-09-16,13.979999542236328,14.1899995803833,13.979999542236328,14.149999618530273,14.149999618530273,12600
2019-09-17,13.920000076293945,14.25,13.920000076293945,14.220000267028809,14.220000267028809,23200
2019-09-18,14.229999542236328,14.279999732971191,14.149999618530273,14.229999542236328,14.229999542236328,31400
2019-09-19,14.180000305175781,14.229999542236328,14.170000076293945,14.180000305175781,14.180000305175781,10100
2019-09-20,14.149999618530273,14.270000457763672,14.0600004196167,14.100000381469727,14.100000381469727,12100
2019-09-23,14.0,14.020000457763672,13.890000343322754,13.989999771118164,13.989999771118164,49600
2019-09-24,13.880000114440918,14.1899995803833,13.880000114440918,14.020000457763672,14.020000457763672,31000
2019-09-25,14.119999885559082,14.220000267028809,14.079999923706055,14.15999984741211,14.15999984741211,11500
2019-09-26,14.260000228881836,14.5,14.260000228881836,14.5,14.5,18900
2019-09-27,14.449999809265137,14.489999771118164,14.270000457763672,14.359999656677246,14.359999656677246,25600
2019-09-30,14.199999809265137,14.199999809265137,14.0,14.109999656677246,14.109999656677246,23400
2019-10-01,13.829999923706055,13.930000305175781,13.699999809265137,13.699999809265137,13.699999809265137,49100
2019-10-02,13.260000228881836,13.529999732971191,13.260000228881836,13.300000190734863,13.300000190734863,16200
2019-10-03,13.569999694824219,13.569999694824219,13.289999961853027,13.420000076293945,13.420000076293945,21100
2019-10-04,13.539999961853027,13.649999618530273,13.510000228881836,13.649999618530273,13.649999618530273,7500
2019-10-07,13.550000190734863,13.579999923706055,13.350000381469727,13.539999961853027,13.539999961853027,13100
2019-10-08,13.649999618530273,13.649999618530273,13.470000267028809,13.470000267028809,13.470000267028809,19400
2019-10-09,13.640000343322754,13.729999542236328,13.609999656677246,13.640000343322754,13.640000343322754,12600
2019-10-10,13.699999809265137,13.699999809265137,13.579999923706055,13.619999885559082,13.619999885559082,23600
2019-10-11,14.210000038146973,14.210000038146973,13.609999656677246,13.899999618530273,13.899999618530273,17500
2019-10-14,13.420000076293945,13.970000267028809,13.420000076293945,13.869999885559082,13.869999885559082,22200
2019-10-15,14.149999618530273,14.260000228881836,14.130000114440918,14.229999542236328,14.229999542236328,24200
2019-10-16,14.220000267028809,14.220000267028809,13.760000228881836,13.760000228881836,13.760000228881836,34400
2019-10-17,13.819999694824219,14.0,13.819999694824219,13.960000038146973,13.960000038146973,11000
2019-10-18,14.300000190734863,14.300000190734863,13.9399995803833,13.989999771118164,13.989999771118164,25800
2019-10-21,14.029999732971191,14.029999732971191,13.989999771118164,14.029999732971191,14.029999732971191,34400
2019-10-22,14.010000228881836,14.09000015258789,14.010000228881836,14.069999694824219,14.069999694824219,16200
2019-10-23,13.869999885559082,14.270000457763672,13.869999885559082,14.09000015258789,14.09000015258789,14700
2019-10-24,14.359999656677246,14.359999656677246,13.970000267028809,14.140000343322754,14.140000343322754,26800
2019-10-25,13.819999694824219,13.979999542236328,13.640000343322754,13.979999542236328,13.979999542236328,17600
2019-10-28,13.949999809265137,14.079999923706055,13.949999809265137,13.989999771118164,13.989999771118164,15100
2019-10-29,14.050000190734863,14.279999732971191,14.050000190734863,14.149999618530273,14.149999618530273,10900
2019-10-30,14.199999809265137,14.279999732971191,14.199999809265137,14.279999732971191,14.279999732971191,22600
2019-10-31,14.09000015258789,14.300000190734863,14.09000015258789,14.289999961853027,14.289999961853027,26400
2019-11-01,14.3100004196167,14.5,14.3100004196167,14.449999809265137,14.449999809265137,14200
2019-11-04,14.5,14.510000228881836,14.350000381469727,14.5,14.5,45100
2019-11-05,14.5,14.5,14.350000381469727,14.380000114440918,14.380000114440918,15800
2019-11-06,14.3100004196167,14.3100004196167,14.100000381469727,14.279999732971191,14.279999732971191,8700
2019-11-07,14.15999984741211,14.359999656677246,14.15999984741211,14.210000038146973,14.210000038146973,14000
2019-11-08,14.0,14.0,13.779999732971191,13.8100004196167,13.8100004196167,25400
2019-11-11,13.8100004196167,13.84000015258789,13.739999771118164,13.8100004196167,13.8100004196167,19900
2019-11-12,13.850000381469727,13.880000114440918,13.850000381469727,13.859999656677246,13.859999656677246,10800
2019-11-13,13.770000457763672,13.989999771118164,13.770000457763672,13.90999984741211,13.90999984741211,19700
2019-11-14,13.779999732971191,13.789999961853027,13.729999542236328,13.779999732971191,13.779999732971191,17000
2019-11-15,13.75,13.75,13.65999984741211,13.720000267028809,13.720000267028809,10500
2019-11-18,13.1899995803833,13.600000381469727,13.1899995803833,13.449999809265137,13.449999809265137,22600
2019-11-19,13.40999984741211,13.600000381469727,13.260000228881836,13.369999885559082,13.369999885559082,12800
2019-11-20,13.34000015258789,13.380000114440918,13.279999732971191,13.289999961853027,13.289999961853027,17300
2019-11-21,13.239999771118164,13.449999809265137,13.239999771118164,13.430000305175781,13.430000305175781,25600
2019-11-22,13.390000343322754,13.390000343322754,13.279999732971191,13.300000190734863,13.300000190734863,44600
2019-11-25,13.760000228881836,13.760000228881836,13.0,13.359999656677246,13.359999656677246,40400
2019-11-26,13.510000228881836,13.510000228881836,13.260000228881836,13.3100004196167,13.3100004196167,43800
2019-11-27,13.130000114440918,13.539999961853027,13.130000114440918,13.369999885559082,13.369999885559082,28000
2019-11-29,13.140000343322754,13.380000114440918,13.0,13.100000381469727,13.100000381469727,16700
2019-12-02,12.920000076293945,13.0,12.829999923706055,12.920000076293945,12.920000076293945,35800
2019-12-03,12.9399995803833,12.9399995803833,12.729999542236328,12.899999618530273,12.899999618530273,90100
2019-12-04,13.050000190734863,13.329999923706055,13.050000190734863,13.25,13.25,30000
2019-12-05,12.930000305175781,13.0600004196167,12.789999961853027,13.050000190734863,13.050000190734863,73400
2019-12-06,12.920000076293945,12.989999771118164,12.920000076293945,12.960000038146973,12.960000038146973,14000
2019-12-09,12.779999732971191,12.949999809265137,12.779999732971191,12.90999984741211,12.90999984741211,39400
2019-12-10,12.710000038146973,12.890000343322754,12.710000038146973,12.880000114440918,12.880000114440918,24600
2019-12-11,12.779999732971191,12.960000038146973,12.779999732971191,12.899999618530273,12.899999618530273,13800
2019-12-12,12.920000076293945,12.979999542236328,12.880000114440918,12.949999809265137,12.949999809265137,19900
2019-12-13,12.829999923706055,12.869999885559082,12.8100004196167,12.850000381469727,12.850000381469727,13500
2019-12-16,12.90999984741211,12.90999984741211,12.84000015258789,12.899999618530273,12.899999618530273,18500
2019-12-17,12.949999809265137,12.949999809265137,12.75,12.75,12.75,30000
2019-12-18,12.850000381469727,12.850000381469727,12.609999656677246,12.640000343322754,12.640000343322754,26700
2019-12-19,12.979999542236328,12.979999542236328,12.710000038146973,12.800000190734863,12.800000190734863,23200
2019-12-20,12.850000381469727,12.850000381469727,12.739999771118164,12.789999961853027,12.789999961853027,35100
2019-12-23,12.739999771118164,12.739999771118164,12.539999961853027,12.569999694824219,12.569999694824219,34100
2019-12-24,12.510000228881836,12.510000228881836,12.420000076293945,12.449999809265137,12.449999809265137,30800
2019-12-26,12.5,12.5,12.359999656677246,12.369999885559082,12.369999885559082,30700
2019-12-27,12.239999771118164,12.359999656677246,12.220000267028809,12.350000381469727,12.350000381469727,32900
2019-12-30,12.640000343322754,12.640000343322754,12.3100004196167,12.319999694824219,12.319999694824219,75300
2019-12-31,12.289999961853027,12.350000381469727,12.289999961853027,12.350000381469727,12.350000381469727,26500
2020-01-02,12.449999809265137,12.5,12.420000076293945,12.449999809265137,12.449999809265137,32200
2020-01-03,12.109999656677246,12.4399995803833,12.109999656677246,12.350000381469727,12.350000381469727,21400
2020-01-06,12.300000190734863,12.350000381469727,12.140000343322754,12.329999923706055,12.329999923706055,21400
2020-01-07,12.300000190734863,12.300000190734863,12.220000267028809,12.220000267028809,12.220000267028809,33800
2020-01-08,12.010000228881836,12.369999885559082,12.010000228881836,12.25,12.25,16400
2020-01-09,12.239999771118164,12.390000343322754,12.109999656677246,12.25,12.25,254100
2020-01-10,11.880000114440918,12.5600004196167,11.880000114440918,12.25,12.25,70100
2020-01-13,12.289999961853027,12.289999961853027,12.1899995803833,12.279999732971191,12.279999732971191,33300
2020-01-14,12.460000038146973,12.460000038146973,12.119999885559082,12.119999885559082,12.119999885559082,41700
2020-01-15,12.140000343322754,12.170000076293945,12.100000381469727,12.119999885559082,12.119999885559082,27400
2020-01-16,12.390000343322754,12.5,12.300000190734863,12.5,12.5,28400
2020-01-17,12.84000015258789,12.960000038146973,12.84000015258789,12.899999618530273,12.899999618530273,15700
2020-01-21,13.140000343322754,13.140000343322754,13.0,13.0600004196167,13.0600004196167,306700
2020-01-22,13.079999923706055,13.079999923706055,12.899999618530273,12.899999618530273,12.899999618530273,203600
2020-01-23,12.899999618530273,12.899999618530273,12.569999694824219,12.8100004196167,12.8100004196167,123200
2020-01-24,12.800000190734863,12.800000190734863,12.529999732971191,12.5600004196167,12.5600004196167,116700
2020-01-27,12.550000190734863,12.739999771118164,12.520000457763672,12.569999694824219,12.569999694824219,119100
2020-01-28,12.899999618530273,12.899999618530273,12.539999961853027,12.770000457763672,12.770000457763672,135700
2020-01-29,12.729999542236328,12.729999542236328,12.359999656677246,12.550000190734863,12.550000190734863,248700
2020-01-30,12.5,12.760000228881836,12.5,12.710000038146973,12.710000038146973,45900
2020-01-31,12.640000343322754,12.65999984741211,12.430000305175781,12.489999771118164,12.489999771118164,67700
2020-02-03,12.550000190734863,12.65999984741211,12.430000305175781,12.609999656677246,12.609999656677246,40800
2020-02-04,12.5,12.619999885559082,12.489999771118164,12.520000457763672,12.520000457763672,88600
2020-02-05,12.550000190734863,12.550000190734863,12.34000015258789,12.420000076293945,12.420000076293945,73300
2020-02-06,12.609999656677246,12.699999809265137,12.609999656677246,12.649999618530273,12.649999618530273,28600
2020-02-07,12.75,12.880000114440918,12.75,12.859999656677246,12.859999656677246,47600
2020-02-10,12.859999656677246,12.899999618530273,12.75,12.869999885559082,12.869999885559082,51800
2020-02-11,12.84000015258789,13.0,12.84000015258789,12.9399995803833,12.9399995803833,65700
2020-02-12,13.380000114440918,13.380000114440918,12.869999885559082,13.029999732971191,13.029999732971191,251600
2020-02-13,13.039999961853027,13.0600004196167,12.920000076293945,12.930000305175781,12.930000305175781,91300
2020-02-14,12.699999809265137,12.979999542236328,12.699999809265137,12.880000114440918,12.880000114440918,72400
2020-02-18,12.710000038146973,13.09000015258789,12.710000038146973,12.9399995803833,12.9399995803833,103800
2020-02-19,12.84000015258789,13.100000381469727,12.84000015258789,13.0,13.0,96800
2020-02-20,12.979999542236328,13.079999923706055,12.979999542236328,13.079999923706055,13.079999923706055,45500
2020-02-21,13.079999923706055,13.079999923706055,12.859999656677246,12.960000038146973,12.960000038146973,59500
2020-02-24,12.640000343322754,12.699999809265137,12.5,12.5,12.5,71600
2020-02-25,12.520000457763672,12.819999694824219,12.520000457763672,12.619999885559082,12.619999885559082,78400
2020-02-26,12.819999694824219,12.819999694824219,12.670000076293945,12.6899995803833,12.6899995803833,99000
2020-02-27,12.279999732971191,12.380000114440918,12.100000381469727,12.100000381469727,12.100000381469727,108900
2020-02-28,11.510000228881836,12.0,11.510000228881836,11.899999618530273,11.899999618530273,139800
2020-03-02,11.699999809265137,12.460000038146973,11.699999809265137,12.390000343322754,12.390000343322754,257500
2020-03-03,12.149999618530273,12.149999618530273,11.8100004196167,11.869999885559082,11.869999885559082,200100
2020-03-04,11.899999618530273,11.899999618530273,11.680000305175781,11.880000114440918,11.880000114440918,111800
2020-03-05,11.960000038146973,11.960000038146973,11.649999618530273,11.710000038146973,11.710000038146973,51500
2020-03-06,11.489999771118164,11.489999771118164,11.25,11.359999656677246,11.359999656677246,65400
2020-03-09,10.850000381469727,10.869999885559082,10.520000457763672,10.75,10.75,87600
2020-03-10,11.640000343322754,11.640000343322754,10.609999656677246,10.770000457763672,10.770000457763672,145500
2020-03-11,10.75,11.3100004196167,10.399999618530273,10.4399995803833,10.4399995803833,134000
2020-03-12,9.449999809265137,10.199999809265137,9.430000305175781,9.899999618530273,9.899999618530273,386800
2020-03-13,9.770000457763672,10.039999961853027,9.550000190734863,10.039999961853027,10.039999961853027,168800
2020-03-16,8.420000076293945,9.579999923706055,8.420000076293945,9.15999984741211,9.15999984741211,227700
2020-03-17,9.350000381469727,9.609999656677246,8.75,9.449999809265137,9.449999809265137,404400
2020-03-18,9.34000015258789,9.369999885559082,8.829999923706055,9.130000114440918,9.130000114440918,92600
2020-03-19,8.510000228881836,9.4399995803833,8.510000228881836,9.210000038146973,9.210000038146973,185200
2020-03-20,9.399999618530273,9.65999984741211,9.09000015258789,9.15999984741211,9.15999984741211,84000
2020-03-23,8.65999984741211,9.300000190734863,8.510000228881836,8.680000305175781,8.680000305175781,237700
2020-03-24,8.720000267028809,10.510000228881836,8.720000267028809,9.720000267028809,9.720000267028809,147100
2020-03-25,9.699999809265137,10.170000076293945,9.229999542236328,10.0600004196167,10.0600004196167,67800
2020-03-26,9.210000038146973,10.34000015258789,9.210000038146973,10.279999732971191,10.279999732971191,84500
2020-03-27,9.649999618530273,10.270000457763672,9.649999618530273,9.960000038146973,9.960000038146973,134300
2020-03-30,9.989999771118164,10.109999656677246,9.899999618530273,10.010000228881836,10.010000228881836,131500
2020-03-31,8.970000267028809,10.329999923706055,8.970000267028809,9.399999618530273,9.399999618530273,109700
2020-04-01,8.899999618530273,9.510000228881836,8.899999618530273,9.09000015258789,9.09000015258789,74900
2020-04-02,8.680000305175781,9.0,8.5600004196167,8.720000267028809,8.720000267028809,265400
2020-04-03,8.09000015258789,8.100000381469727,7.610000133514404,7.809999942779541,7.809999942779541,159700
2020-04-06,8.319999694824219,8.789999961853027,7.849999904632568,8.3100004196167,8.3100004196167,207200
2020-04-07,8.979999542236328,9.0,8.529999732971191,8.600000381469727,8.600000381469727,236000
2020-04-08,8.25,8.720000267028809,8.25,8.720000267028809,8.720000267028809,149000
2020-04-09,8.59000015258789,9.1899995803833,8.59000015258789,9.050000190734863,9.050000190734863,201500
2020-04-13,9.970000267028809,9.970000267028809,9.0,9.229999542236328,9.229999542236328,89500
2020-04-14,9.399999618530273,9.579999923706055,9.3100004196167,9.430000305175781,9.430000305175781,345100
2020-04-15,9.569999694824219,9.569999694824219,9.420000076293945,9.420000076293945,9.420000076293945,140200
2020-04-16,9.319999694824219,9.319999694824219,9.170000076293945,9.220000267028809,9.220000267028809,81800
2020-04-17,10.079999923706055,10.079999923706055,9.34000015258789,9.5,9.5,61800
2020-04-20,9.279999732971191,9.739999771118164,9.279999732971191,9.4399995803833,9.4399995803833,88800
2020-04-21,9.260000228881836,9.579999923706055,9.260000228881836,9.319999694824219,9.319999694824219,139800
2020-04-22,9.220000267028809,9.239999771118164,9.079999923706055,9.15999984741211,9.15999984741211,42800
2020-04-23,9.449999809265137,9.550000190734863,9.359999656677246,9.5,9.5,67100
2020-04-24,9.359999656677246,9.470000267028809,9.359999656677246,9.420000076293945,9.420000076293945,22500
2020-04-27,9.460000038146973,9.59000015258789,9.460000038146973,9.5600004196167,9.5600004196167,68200
2020-04-28,9.699999809265137,10.0,9.699999809265137,9.770000457763672,9.770000457763672,197900
2020-04-29,10.0,10.130000114440918,9.90999984741211,10.079999923706055,10.079999923706055,187400
2020-04-30,10.020000457763672,10.050000190734863,9.949999809265137,9.970000267028809,9.970000267028809,137900
2020-05-01,9.880000114440918,9.880000114440918,9.529999732971191,9.579999923706055,9.579999923706055,33400
2020-05-04,9.600000381469727,9.600000381469727,9.399999618530273,9.529999732971191,9.529999732971191,41200
2020-05-05,9.859999656677246,9.859999656677246,9.5600004196167,9.609999656677246,9.609999656677246,27900
2020-05-06,9.6899995803833,9.75,9.550000190734863,9.550000190734863,9.550000190734863,32300
2020-05-07,9.6899995803833,9.6899995803833,9.510000228881836,9.520000457763672,9.520000457763672,108300
2020-05-08,9.979999542236328,9.979999542236328,9.720000267028809,9.819999694824219,9.819999694824219,119800
2020-05-11,10.0600004196167,10.369999885559082,10.0600004196167,10.300000190734863,10.300000190734863,26800
2020-05-12,10.010000228881836,10.369999885559082,10.010000228881836,10.130000114440918,10.130000114440918,103800
2020-05-13,10.029999732971191,10.050000190734863,9.920000076293945,10.0,10.0,60900
2020-05-14,9.460000038146973,9.729999542236328,9.460000038146973,9.729999542236328,9.729999542236328,47700
2020-05-15,10.4399995803833,10.4399995803833,9.720000267028809,9.869999885559082,9.869999885559082,72900
2020-05-18,9.859999656677246,10.239999771118164,9.859999656677246,10.1899995803833,10.1899995803833,54400
2020-05-19,10.25,10.25,10.130000114440918,10.130000114440918,10.130000114440918,244200
2020-05-20,10.09000015258789,10.199999809265137,10.09000015258789,10.140000343322754,10.140000343322754,273800
2020-05-21,9.930000305175781,10.25,9.930000305175781,10.109999656677246,10.109999656677246,75200
2020-05-22,10.170000076293945,10.260000228881836,10.09000015258789,10.130000114440918,10.130000114440918,28700
2020-05-26,10.3100004196167,10.90999984741211,10.3100004196167,10.800000190734863,10.800000190734863,28700
2020-05-27,11.0,11.09000015258789,10.850000381469727,10.90999984741211,10.90999984741211,60400
2020-05-28,11.199999809265137,11.470000267028809,11.199999809265137,11.399999618530273,11.399999618530273,31900
2020-05-29,11.050000190734863,11.109999656677246,10.899999618530273,11.029999732971191,11.029999732971191,27600
2020-06-01,10.779999732971191,11.180000305175781,10.779999732971191,11.149999618530273,11.149999618530273,34400
2020-06-02,11.300000190734863,11.380000114440918,11.220000267028809,11.289999961853027,11.289999961853027,50200
2020-06-03,11.800000190734863,11.899999618530273,11.380000114440918,11.880000114440918,11.880000114440918,27100
2020-06-04,11.59000015258789,11.630000114440918,11.5,11.5,11.5,48700
2020-06-05,11.930000305175781,12.0,11.869999885559082,11.920000076293945,11.920000076293945,54800
2020-06-08,12.0,12.149999618530273,11.920000076293945,12.149999618530273,12.149999618530273,51900
2020-06-09,12.020000457763672,12.020000457763672,11.859999656677246,11.899999618530273,11.899999618530273,31400
2020-06-10,12.489999771118164,12.489999771118164,11.470000267028809,11.890000343322754,11.890000343322754,20000
2020-06-11,11.430000305175781,11.4399995803833,11.0,11.079999923706055,11.079999923706055,34500
2020-06-12,11.270000457763672,11.369999885559082,11.119999885559082,11.199999809265137,11.199999809265137,11700
2020-06-15,10.779999732971191,10.850000381469727,10.579999923706055,10.770000457763672,10.770000457763672,111500
2020-06-16,11.40999984741211,11.59000015258789,11.369999885559082,11.399999618530273,11.399999618530273,34200
2020-06-17,11.399999618530273,11.399999618530273,11.270000457763672,11.350000381469727,11.350000381469727,10900
2020-06-18,11.34000015258789,11.350000381469727,11.170000076293945,11.229999542236328,11.229999542236328,22600
2020-06-19,10.930000305175781,11.1899995803833,10.869999885559082,10.869999885559082,10.869999885559082,23500
2020-06-22,10.869999885559082,10.979999542236328,10.869999885559082,10.970000267028809,10.970000267028809,27800
2020-06-23,11.489999771118164,11.489999771118164,10.949999809265137,11.109999656677246,11.109999656677246,25000
2020-06-24,10.8100004196167,11.079999923706055,10.800000190734863,10.899999618530273,10.899999618530273,16200
2020-06-25,10.800000190734863,10.800000190734863,10.640000343322754,10.760000228881836,10.760000228881836,31500
2020-06-26,10.5,10.529999732971191,10.430000305175781,10.430000305175781,10.430000305175781,17400
2020-06-29,10.539999961853027,10.539999961853027,10.25,10.369999885559082,10.369999885559082,19400
2020-06-30,10.25,10.399999618530273,10.25,10.369999885559082,10.369999885559082,77100
2020-07-01,10.630000114440918,10.630000114440918,10.279999732971191,10.300000190734863,10.300000190734863,146000
2020-07-02,10.579999923706055,10.649999618530273,10.5600004196167,10.59000015258789,10.59000015258789,51200
2020-07-06,10.699999809265137,10.699999809265137,10.529999732971191,10.649999618530273,10.649999618530273,47900
2020-07-07,10.520000457763672,10.520000457763672,10.350000381469727,10.380000114440918,10.380000114440918,42500
2020-07-08,10.34000015258789,10.399999618530273,10.260000228881836,10.3100004196167,10.3100004196167,20400
2020-07-09,10.25,10.25,9.949999809265137,10.0,10.0,71700
2020-07-10,9.930000305175781,10.079999923706055,9.930000305175781,10.039999961853027,10.039999961853027,72300
2020-07-13,10.59000015258789,10.59000015258789,10.1899995803833,10.1899995803833,10.1899995803833,219400
2020-07-14,9.970000267028809,10.40999984741211,9.970000267028809,10.350000381469727,10.350000381469727,112900
2020-07-15,10.710000038146973,10.710000038146973,10.420000076293945,10.609999656677246,10.609999656677246,22800
2020-07-16,10.729999542236328,10.859999656677246,10.649999618530273,10.729999542236328,10.729999542236328,220500
2020-07-17,10.699999809265137,10.720000267028809,10.619999885559082,10.720000267028809,10.720000267028809,23500
2020-07-20,10.59000015258789,10.59000015258789,10.5,10.569999694824219,10.569999694824219,14700
2020-07-21,10.3100004196167,10.800000190734863,10.3100004196167,10.4399995803833,10.4399995803833,125000
2020-07-22,10.010000228881836,10.579999923706055,10.010000228881836,10.5,10.5,35900
2020-07-23,10.40999984741211,10.579999923706055,10.40999984741211,10.449999809265137,10.449999809265137,9700
2020-07-24,10.25,10.5,10.25,10.5,10.5,25100
2020-07-27,10.600000381469727,10.619999885559082,10.5,10.619999885559082,10.619999885559082,24000
2020-07-28,10.489999771118164,10.5,10.350000381469727,10.380000114440918,10.380000114440918,53300
2020-07-29,10.220000267028809,10.220000267028809,9.979999542236328,10.199999809265137,10.199999809265137,31400
2020-07-30,10.0,10.029999732971191,9.899999618530273,9.989999771118164,9.989999771118164,38700
2020-07-31,9.699999809265137,9.699999809265137,9.359999656677246,9.489999771118164,9.489999771118164,246800
2020-08-03,9.619999885559082,9.800000190734863,9.619999885559082,9.770000457763672,9.770000457763672,39900
2020-08-04,9.949999809265137,10.010000228881836,9.8100004196167,9.920000076293945,9.920000076293945,139100
2020-08-05,9.8100004196167,9.8100004196167,9.649999618530273,9.6899995803833,9.6899995803833,63400
2020-08-06,9.579999923706055,9.579999923706055,9.449999809265137,9.520000457763672,9.520000457763672,35100
2020-08-07,9.520000457763672,9.569999694824219,9.479999542236328,9.539999961853027,9.539999961853027,31200
2020-08-10,9.020000457763672,9.619999885559082,9.020000457763672,9.569999694824219,9.569999694824219,47500
2020-08-11,10.270000457763672,10.5600004196167,10.199999809265137,10.199999809265137,10.199999809265137,138300
2020-08-12,10.369999885559082,10.569999694824219,10.369999885559082,10.529999732971191,10.529999732971191,144400
2020-08-13,10.609999656677246,10.609999656677246,10.359999656677246,10.460000038146973,10.460000038146973,31800
2020-08-14,10.1899995803833,10.399999618530273,10.1899995803833,10.3100004196167,10.3100004196167,21300
2020-08-17,10.630000114440918,10.630000114440918,10.369999885559082,10.529999732971191,10.529999732971191,26000
2020-08-18,10.479999542236328,10.479999542236328,10.229999542236328,10.319999694824219,10.319999694824219,213700
2020-08-19,10.149999618530273,10.430000305175781,10.149999618530273,10.260000228881836,10.260000228881836,207600
2020-08-20,10.210000038146973,10.40999984741211,10.140000343322754,10.369999885559082,10.369999885559082,32800
2020-08-21,10.149999618530273,10.319999694824219,10.140000343322754,10.289999961853027,10.289999961853027,15600
2020-08-24,10.149999618530273,10.40999984741211,10.149999618530273,10.34000015258789,10.34000015258789,43200
2020-08-25,10.34000015258789,10.529999732971191,10.34000015258789,10.489999771118164,10.489999771118164,93700
2020-08-26,10.399999618530273,10.470000267028809,10.359999656677246,10.420000076293945,10.420000076293945,18200
2020-08-27,10.300000190734863,10.300000190734863,10.069999694824219,10.109999656677246,10.109999656677246,75800
2020-08-28,10.5,10.5,10.1899995803833,10.34000015258789,10.34000015258789,36700
2020-08-31,10.539999961853027,10.539999961853027,10.130000114440918,10.300000190734863,10.300000190734863,32700
2020-09-01,10.4399995803833,10.5,10.34000015258789,10.5,10.5,81900
2020-09-02,10.4399995803833,10.4399995803833,10.199999809265137,10.329999923706055,10.329999923706055,52400
2020-09-03,10.579999923706055,10.579999923706055,10.170000076293945,10.180000305175781,10.180000305175781,22500
2020-09-04,10.229999542236328,10.5,10.229999542236328,10.460000038146973,10.460000038146973,22600
2020-09-08,10.489999771118164,10.520000457763672,10.289999961853027,10.420000076293945,10.420000076293945,15600
2020-09-09,10.420000076293945,10.420000076293945,10.300000190734863,10.34000015258789,10.34000015258789,56600
2020-09-10,10.59000015258789,10.59000015258789,10.329999923706055,10.350000381469727,10.350000381469727,33600
2020-09-11,10.4399995803833,10.520000457763672,10.4399995803833,10.510000228881836,10.510000228881836,18400
2020-09-14,10.640000343322754,10.640000343322754,10.5,10.5600004196167,10.5600004196167,34100
2020-09-15,10.460000038146973,10.520000457763672,10.390000343322754,10.460000038146973,10.460000038146973,23400
2020-09-16,10.300000190734863,10.300000190734863,10.25,10.260000228881836,10.260000228881836,22200
2020-09-17,10.100000381469727,10.100000381469727,10.020000457763672,10.020000457763672,10.020000457763672,20500
2020-09-18,10.0600004196167,10.119999885559082,10.010000228881836,10.050000190734863,10.050000190734863,22900
2020-09-21,9.600000381469727,10.130000114440918,9.600000381469727,9.90999984741211,9.90999984741211,52900
2020-09-22,10.039999961853027,10.079999923706055,9.819999694824219,10.029999732971191,10.029999732971191,27900
2020-09-23,10.079999923706055,10.079999923706055,9.699999809265137,9.75,9.75,52100
2020-09-24,9.75,9.75,9.489999771118164,9.5,9.5,37100
2020-09-25,9.720000267028809,9.779999732971191,9.649999618530273,9.75,9.75,44500
2020-09-28,9.800000190734863,9.829999923706055,9.710000038146973,9.789999961853027,9.789999961853027,21800
2020-09-29,9.75,9.819999694824219,9.75,9.75,9.75,43600
2020-09-30,9.510000228881836,9.819999694824219,9.510000228881836,9.819999694824219,9.819999694824219,44000
2020-10-01,9.819999694824219,9.819999694824219,9.600000381469727,9.600000381469727,9.600000381469727,12100
2020-10-02,9.670000076293945,9.699999809265137,9.649999618530273,9.649999618530273,9.649999618530273,76200
2020-10-05,9.829999923706055,10.020000457763672,9.829999923706055,9.979999542236328,9.979999542236328,33400
2020-10-06,9.699999809265137,10.020000457763672,9.699999809265137,9.90999984741211,9.90999984741211,103600
2020-10-07,10.300000190734863,10.300000190734863,9.850000381469727,10.09000015258789,10.09000015258789,21800
2020-10-08,9.680000305175781,10.050000190734863,9.680000305175781,9.930000305175781,9.930000305175781,27900
2020-10-09,9.779999732971191,9.859999656677246,9.779999732971191,9.789999961853027,9.789999961853027,34900
2020-10-12,9.640000343322754,9.9399995803833,9.640000343322754,9.869999885559082,9.869999885559082,15200
2020-10-13,9.819999694824219,9.890000343322754,9.760000228881836,9.819999694824219,9.819999694824219,46900
2020-10-14,9.819999694824219,9.819999694824219,9.5600004196167,9.600000381469727,9.600000381469727,31900
2020-10-15,9.800000190734863,9.800000190734863,9.510000228881836,9.630000114440918,9.630000114440918,19700
2020-10-16,9.289999961853027,9.869999885559082,9.289999961853027,9.630000114440918,9.630000114440918,18800
2020-10-19,9.569999694824219,9.770000457763672,9.569999694824219,9.670000076293945,9.670000076293945,17200
2020-10-20,9.630000114440918,9.640000343322754,9.529999732971191,9.600000381469727,9.600000381469727,46900
2020-10-21,9.779999732971191,10.109999656677246,9.779999732971191,10.020000457763672,10.020000457763672,34600
2020-10-22,10.010000228881836,10.010000228881836,9.819999694824219,9.869999885559082,9.869999885559082,16500
2020-10-23,9.899999618530273,9.989999771118164,9.899999618530273,9.920000076293945,9.920000076293945,13900
2020-10-26,9.899999618530273,9.899999618530273,9.760000228881836,9.899999618530273,9.899999618530273,21200
2020-10-27,9.729999542236328,9.789999961853027,9.6899995803833,9.699999809265137,9.699999809265137,28400
2020-10-28,9.449999809265137,9.640000343322754,9.329999923706055,9.380000114440918,9.380000114440918,26400
2020-10-29,9.170000076293945,9.550000190734863,9.170000076293945,9.479999542236328,9.479999542236328,94000
2020-10-30,9.079999923706055,9.300000190734863,9.079999923706055,9.140000343322754,9.140000343322754,24400
2020-11-02,9.15999984741211,9.470000267028809,9.15999984741211,9.4399995803833,9.4399995803833,66700
2020-11-03,9.779999732971191,9.779999732971191,9.399999618530273,9.699999809265137,9.699999809265137,54600
2020-11-04,10.020000457763672,10.020000457763672,9.640000343322754,9.920000076293945,9.920000076293945,46200
2020-11-05,9.720000267028809,10.050000190734863,9.720000267028809,10.029999732971191,10.029999732971191,44800
2020-11-06,9.779999732971191,10.229999542236328,9.779999732971191,10.180000305175781,10.180000305175781,6100
2020-11-09,10.149999618530273,10.199999809265137,10.0,10.149999618530273,10.149999618530273,214800
2020-11-10,10.199999809265137,10.739999771118164,10.199999809265137,10.65999984741211,10.65999984741211,39900
2020-11-11,10.65999984741211,10.65999984741211,10.550000190734863,10.5600004196167,10.5600004196167,107200
2020-11-12,10.25,10.279999732971191,10.09000015258789,10.149999618530273,10.149999618530273,28200
2020-11-13,10.260000228881836,10.449999809265137,10.09000015258789,10.239999771118164,10.239999771118164,23000
2020-11-16,10.510000228881836,10.510000228881836,10.229999542236328,10.5,10.5,15700
2020-11-17,10.25,10.600000381469727,10.25,10.5600004196167,10.5600004196167,12600
2020-11-18,10.880000114440918,10.880000114440918,10.510000228881836,10.520000457763672,10.520000457763672,226900
2020-11-19,9.90999984741211,10.279999732971191,9.90999984741211,10.239999771118164,10.239999771118164,35000
2020-11-20,10.079999923706055,10.4399995803833,10.079999923706055,10.4399995803833,10.4399995803833,12800
2020-11-23,10.640000343322754,10.640000343322754,10.350000381469727,10.520000457763672,10.520000457763672,24700
2020-11-24,11.010000228881836,11.010000228881836,10.369999885559082,10.640000343322754,10.640000343322754,31500
2020-11-25,10.59000015258789,10.630000114440918,10.369999885559082,10.609999656677246,10.609999656677246,27800
2020-11-27,10.140000343322754,10.300000190734863,9.859999656677246,10.220000267028809,10.220000267028809,11600
2020-11-30,10.050000190734863,10.050000190734863,9.84000015258789,9.899999618530273,9.899999618530273,25700
2020-12-01,9.9399995803833,10.039999961853027,9.9399995803833,9.970000267028809,9.970000267028809,33100
2020-12-02,10.039999961853027,10.079999923706055,9.960000038146973,10.0600004196167,10.0600004196167,126900
2020-12-03,10.380000114440918,10.4399995803833,10.09000015258789,10.15999984741211,10.15999984741211,44900
2020-12-04,10.489999771118164,10.489999771118164,10.149999618530273,10.220000267028809,10.220000267028809,45100
2020-12-07,10.430000305175781,10.430000305175781,10.020000457763672,10.020000457763672,10.020000457763672,18700
2020-12-08,10.300000190734863,10.300000190734863,10.020000457763672,10.170000076293945,10.170000076293945,19700
2020-12-09,9.949999809265137,10.289999961853027,9.949999809265137,10.149999618530273,10.149999618530273,20900
2020-12-10,10.119999885559082,10.170000076293945,9.850000381469727,10.069999694824219,10.069999694824219,14300
2020-12-11,10.25,10.25,9.979999542236328,10.029999732971191,10.029999732971191,21900
2020-12-14,10.180000305175781,10.510000228881836,10.180000305175781,10.399999618530273,10.399999618530273,28600
2020-12-15,10.5,10.539999961853027,10.40999984741211,10.470000267028809,10.470000267028809,22600
2020-12-16,10.75,10.75,10.369999885559082,10.420000076293945,10.420000076293945,32900
2020-12-17,10.640000343322754,10.640000343322754,10.399999618530273,10.4399995803833,10.4399995803833,23700
2020-12-18,10.880000114440918,10.880000114440918,10.420000076293945,10.470000267028809,10.470000267028809,19700
2020-12-21,10.390000343322754,10.390000343322754,9.989999771118164,10.149999618530273,10.149999618530273,75400
2020-12-22,10.140000343322754,10.1899995803833,10.010000228881836,10.140000343322754,10.140000343322754,57600
2020-12-23,10.09000015258789,10.109999656677246,10.020000457763672,10.029999732971191,10.029999732971191,24600
2020-12-24,10.020000457763672,10.020000457763672,9.949999809265137,9.960000038146973,9.960000038146973,38400
2020-12-28,9.800000190734863,9.800000190734863,9.5600004196167,9.699999809265137,9.699999809265137,162900
2020-12-29,9.9399995803833,9.9399995803833,9.84000015258789,9.920000076293945,9.920000076293945,128400
2020-12-30,9.9399995803833,10.039999961853027,9.680000305175781,9.949999809265137,9.949999809265137,53100
2020-12-31,9.930000305175781,10.100000381469727,9.920000076293945,9.949999809265137,9.949999809265137,66900
2021-01-04,9.699999809265137,10.0,9.699999809265137,9.84000015258789,9.84000015258789,155000
2021-01-05,9.699999809265137,9.800000190734863,9.6899995803833,9.720000267028809,9.720000267028809,119200
2021-01-06,9.729999542236328,10.149999618530273,9.729999542236328,10.100000381469727,10.100000381469727,84700
2021-01-07,10.1899995803833,10.1899995803833,10.109999656677246,10.149999618530273,10.149999618530273,15100
2021-01-08,9.8100004196167,10.140000343322754,9.8100004196167,10.119999885559082,10.119999885559082,24700
2021-01-11,9.84000015258789,10.15999984741211,9.84000015258789,10.039999961853027,10.039999961853027,17200
2021-01-12,10.109999656677246,10.109999656677246,10.050000190734863,10.100000381469727,10.100000381469727,33900
2021-01-13,10.1899995803833,10.210000038146973,10.0,10.15999984741211,10.15999984741211,40400
2021-01-14,10.149999618530273,10.239999771118164,10.100000381469727,10.229999542236328,10.229999542236328,29600
2021-01-15,10.180000305175781,10.180000305175781,9.800000190734863,9.850000381469727,9.850000381469727,38800
2021-01-19,9.979999542236328,9.979999542236328,9.670000076293945,9.760000228881836,9.760000228881836,82200
2021-01-20,9.84000015258789,9.979999542236328,9.770000457763672,9.979999542236328,9.979999542236328,47800
2021-01-21,9.899999618530273,9.899999618530273,9.760000228881836,9.829999923706055,9.829999923706055,44500
2021-01-22,10.039999961853027,10.039999961853027,9.789999961853027,9.880000114440918,9.880000114440918,25900
2021-01-25,9.979999542236328,9.979999542236328,9.6899995803833,9.779999732971191,9.779999732971191,49600
2021-01-26,10.109999656677246,10.109999656677246,9.739999771118164,9.850000381469727,9.850000381469727,41100
2021-01-27,9.510000228881836,10.109999656677246,9.510000228881836,9.720000267028809,9.720000267028809,42300
2021-01-28,9.539999961853027,10.020000457763672,9.539999961853027,10.020000457763672,10.020000457763672,41200
2021-01-29,9.899999618530273,9.899999618530273,9.59000015258789,9.649999618530273,9.649999618530273,95100
2021-02-01,9.930000305175781,9.930000305175781,9.649999618530273,9.710000038146973,9.710000038146973,32600
2021-02-02,9.920000076293945,9.920000076293945,9.329999923706055,9.680000305175781,9.680000305175781,43900
2021-02-03,9.640000343322754,10.0600004196167,9.640000343322754,9.970000267028809,9.970000267028809,72600
2021-02-04,10.0,10.170000076293945,10.0,10.140000343322754,10.140000343322754,56100
2021-02-05,10.34000015258789,10.34000015258789,10.0,10.039999961853027,10.039999961853027,29400
