Date,Open,High,Low,Close,Adj Close,Volume
2019-06-03,9.229999542236328,9.34000015258789,9.069999694824219,9.289999961853027,8.515018463134766,7900
2019-06-04,9.300000190734863,9.300000190734863,9.09000015258789,9.25,8.478354454040527,6100
2019-06-05,9.199999809265137,9.239999771118164,9.109999656677246,9.109999656677246,8.3500337600708,1800
2019-06-06,9.069999694824219,9.25,9.0,9.199999809265137,8.432524681091309,11800
2019-06-07,9.130000114440918,9.34000015258789,9.09000015258789,9.34000015258789,8.560846328735352,4000
2019-06-10,9.34000015258789,9.5,9.289999961853027,9.489999771118164,8.698332786560059,8400
2019-06-11,9.600000381469727,9.850000381469727,9.210000038146973,9.300000190734863,8.524184226989746,15800
2019-06-12,9.210000038146973,9.59000015258789,9.210000038146973,9.260000228881836,8.487520217895508,11800
2019-06-13,9.319999694824219,9.479999542236328,9.300000190734863,9.460000038146973,8.670836448669434,6200
2019-06-14,9.40999984741211,9.449999809265137,9.300000190734863,9.449999809265137,8.661669731140137,6200
2019-06-17,9.5,9.5,9.350000381469727,9.350000381469727,8.570013999938965,2800
2019-06-18,9.6899995803833,9.800000190734863,9.319999694824219,9.420000076293945,8.634174346923828,2800
2019-06-19,9.539999961853027,9.770000457763672,9.479999542236328,9.770000457763672,8.954976081848145,1100
2019-06-20,9.600000381469727,9.760000228881836,9.600000381469727,9.760000228881836,8.945810317993164,1100
2019-06-21,9.649999618530273,9.75,9.350000381469727,9.75,8.936644554138184,2400
2019-06-24,9.770000457763672,9.770000457763672,9.600000381469727,9.640000343322754,8.835821151733398,2400
2019-06-25,9.699999809265137,9.779999732971191,9.609999656677246,9.609999656677246,8.808323860168457,8600
2019-06-26,9.640000343322754,9.770000457763672,9.640000343322754,9.6899995803833,8.881649017333984,1600
2019-06-27,9.6899995803833,9.779999732971191,9.600000381469727,9.6899995803833,8.881649017333984,2800
2019-06-28,9.739999771118164,9.789999961853027,9.380000114440918,9.699999809265137,8.890815734863281,3800
2019-07-01,9.880000114440918,9.880000114440918,9.489999771118164,9.729999542236328,8.918312072753906,1900
2019-07-02,9.65999984741211,9.65999984741211,9.609999656677246,9.609999656677246,8.808323860168457,2500
2019-07-03,9.720000267028809,9.720000267028809,9.470000267028809,9.470000267028809,8.68000316619873,800
2019-07-05,9.649999618530273,9.649999618530273,9.449999809265137,9.649999618530273,8.844985008239746,1900
2019-07-08,9.649999618530273,9.649999618530273,9.449999809265137,9.5,8.707500457763672,1800
2019-07-09,9.5600004196167,9.649999618530273,9.550000190734863,9.630000114440918,8.826655387878418,2200
2019-07-10,9.5,9.520000457763672,9.4399995803833,9.4399995803833,8.652503967285156,2200
2019-07-11,9.489999771118164,9.680000305175781,9.399999618530273,9.680000305175781,8.87248420715332,3900
2019-07-12,9.649999618530273,9.75,9.449999809265137,9.449999809265137,8.661669731140137,3200
2019-07-15,9.479999542236328,9.479999542236328,9.449999809265137,9.449999809265137,8.661669731140137,2100
2019-07-16,9.5,9.550000190734863,9.449999809265137,9.460000038146973,8.670836448669434,8800
2019-07-17,9.550000190734863,9.550000190734863,9.300000190734863,9.369999885559082,8.588343620300293,13800
2019-07-18,9.6899995803833,10.0,9.420000076293945,9.890000343322754,9.064966201782227,45400
2019-07-19,9.960000038146973,10.0,9.6899995803833,10.0,9.165789604187012,16700
2019-07-22,10.050000190734863,10.470000267028809,9.970000267028809,9.970000267028809,9.138291358947754,24900
2019-07-23,10.199999809265137,10.739999771118164,10.069999694824219,10.069999694824219,9.229950904846191,6300
2019-07-24,10.09000015258789,10.699999809265137,10.09000015258789,10.25,9.394932746887207,6200
2019-07-25,10.300000190734863,10.300000190734863,10.050000190734863,10.170000076293945,9.32160758972168,10300
2019-07-26,10.199999809265137,10.279999732971191,10.199999809265137,10.199999809265137,9.349104881286621,5300
2019-07-29,10.239999771118164,10.289999961853027,10.050000190734863,10.050000190734863,9.211617469787598,3600
2019-07-30,10.170000076293945,10.170000076293945,9.75,10.0,9.165789604187012,2600
2019-07-31,9.920000076293945,10.25,9.920000076293945,10.0,9.165789604187012,7200
2019-08-01,10.0600004196167,10.229999542236328,9.90999984741211,9.90999984741211,9.083296775817871,1800
2019-08-02,9.960000038146973,9.989999771118164,9.90999984741211,9.90999984741211,9.083296775817871,2100
2019-08-05,9.390000343322754,9.8100004196167,9.380000114440918,9.630000114440918,8.826655387878418,5600
2019-08-06,9.5600004196167,9.680000305175781,9.550000190734863,9.640000343322754,8.835821151733398,4500
2019-08-07,9.5,9.550000190734863,9.380000114440918,9.430000305175781,8.643340110778809,16000
2019-08-08,9.479999542236328,10.050000190734863,9.479999542236328,9.829999923706055,9.009970664978027,27400
2019-08-09,9.470000267028809,9.930000305175781,9.3100004196167,9.600000381469727,8.79915714263916,25500
2019-08-12,9.59000015258789,9.65999984741211,9.5,9.5,8.707500457763672,1500
2019-08-13,9.600000381469727,9.699999809265137,9.5,9.649999618530273,8.844985008239746,2600
2019-08-14,9.5,9.680000305175781,9.260000228881836,9.260000228881836,8.487520217895508,16600
2019-08-15,9.5,9.5,9.199999809265137,9.40999984741211,8.625007629394531,25300
2019-08-16,9.34000015258789,9.6899995803833,9.34000015258789,9.550000190734863,8.753329277038574,17500
2019-08-19,9.550000190734863,9.6899995803833,9.15999984741211,9.40999984741211,8.751468658447266,26200
2019-08-20,9.5,9.619999885559082,9.489999771118164,9.550000190734863,8.881671905517578,22800
2019-08-21,9.550000190734863,9.6899995803833,9.3100004196167,9.449999809265137,8.788668632507324,19200
2019-08-22,9.449999809265137,9.550000190734863,9.380000114440918,9.510000228881836,8.844470977783203,28800
2019-08-23,9.399999618530273,9.520000457763672,9.300000190734863,9.5,8.83517074584961,11800
2019-08-26,9.550000190734863,9.640000343322754,9.520000457763672,9.640000343322754,8.965372085571289,13600
2019-08-27,9.619999885559082,9.829999923706055,9.579999923706055,9.800000190734863,9.114174842834473,22200
2019-08-28,9.680000305175781,10.260000228881836,9.680000305175781,9.920000076293945,9.225777626037598,13600
2019-08-29,9.880000114440918,9.949999809265137,9.84000015258789,9.84000015258789,9.151375770568848,6100
2019-08-30,9.850000381469727,10.329999923706055,9.720000267028809,9.90999984741211,9.216476440429688,55900
2019-09-03,9.859999656677246,10.180000305175781,9.859999656677246,10.050000190734863,9.3466796875,15200
2019-09-04,9.850000381469727,10.390000343322754,9.850000381469727,10.100000381469727,9.393181800842285,12800
2019-09-05,9.899999618530273,10.289999961853027,9.850000381469727,10.029999732971191,9.328080177307129,15000
2019-09-06,10.079999923706055,10.3100004196167,10.079999923706055,10.119999885559082,9.41178035736084,15500
2019-09-09,9.989999771118164,10.75,9.989999771118164,10.65999984741211,9.91399097442627,9700
2019-09-10,10.710000038146973,10.720000267028809,10.25,10.489999771118164,9.755887985229492,8800
2019-09-11,10.600000381469727,10.600000381469727,10.260000228881836,10.5600004196167,9.820989608764648,7900
2019-09-12,10.449999809265137,10.479999542236328,10.40999984741211,10.420000076293945,9.690787315368652,5100
2019-09-13,10.4399995803833,10.600000381469727,10.430000305175781,10.550000190734863,9.811689376831055,6100
2019-09-16,10.170000076293945,10.520000457763672,10.149999618530273,10.300000190734863,9.579184532165527,18700
2019-09-17,10.010000228881836,10.399999618530273,10.010000228881836,10.289999961853027,9.569883346557617,5000
2019-09-18,10.170000076293945,10.220000267028809,9.9399995803833,10.09000015258789,9.383880615234375,11900
2019-09-19,10.010000228881836,10.1899995803833,9.760000228881836,9.760000228881836,9.076974868774414,13300
2019-09-20,9.84000015258789,10.149999618530273,9.84000015258789,10.149999618530273,9.439682006835938,2900
2019-09-23,10.069999694824219,10.470000267028809,10.069999694824219,10.399999618530273,9.672185897827148,8600
2019-09-24,10.130000114440918,10.4399995803833,10.130000114440918,10.399999618530273,9.672185897827148,9200
2019-09-25,10.270000457763672,10.470000267028809,10.270000457763672,10.34000015258789,9.616384506225586,4800
2019-09-26,10.350000381469727,10.399999618530273,10.180000305175781,10.220000267028809,9.504783630371094,6100
2019-09-27,10.5,11.180000305175781,10.329999923706055,10.5600004196167,9.820989608764648,45800
2019-09-30,10.399999618530273,11.210000038146973,10.399999618530273,10.8100004196167,10.053494453430176,22700
2019-10-01,10.989999771118164,11.210000038146973,10.449999809265137,10.899999618530273,10.137194633483887,7100
2019-10-02,10.630000114440918,11.149999618530273,10.460000038146973,10.979999542236328,10.211596488952637,9400
2019-10-03,11.050000190734863,11.069999694824219,10.710000038146973,10.899999618530273,10.137194633483887,10200
2019-10-04,10.9399995803833,10.9399995803833,10.670000076293945,10.829999923706055,10.07209300994873,2400
2019-10-07,10.930000305175781,11.90999984741211,10.899999618530273,11.199999809265137,10.416200637817383,50800
2019-10-08,11.260000228881836,11.899999618530273,11.260000228881836,11.489999771118164,10.685905456542969,29600
2019-10-09,11.609999656677246,11.609999656677246,11.100000381469727,11.1899995803833,10.406900405883789,8400
2019-10-10,11.15999984741211,11.3100004196167,10.899999618530273,10.899999618530273,10.137194633483887,16700
2019-10-11,11.15999984741211,11.15999984741211,10.859999656677246,11.069999694824219,10.29529857635498,6300
2019-10-14,11.010000228881836,11.25,10.890000343322754,11.199999809265137,10.416200637817383,10600
2019-10-15,11.130000114440918,11.289999961853027,11.069999694824219,11.199999809265137,10.416200637817383,1500
2019-10-16,11.270000457763672,11.270000457763672,11.0,11.140000343322754,10.360400199890137,18400
2019-10-17,11.079999923706055,11.130000114440918,11.029999732971191,11.100000381469727,10.323198318481445,1700
2019-10-18,11.010000228881836,11.09000015258789,11.0,11.069999694824219,10.29529857635498,5500
2019-10-21,11.100000381469727,11.149999618530273,11.050000190734863,11.149999618530273,10.369698524475098,1400
2019-10-22,11.050000190734863,11.149999618530273,11.050000190734863,11.100000381469727,10.323198318481445,2600
2019-10-23,11.069999694824219,11.149999618530273,11.069999694824219,11.149999618530273,10.369698524475098,9300
2019-10-24,11.199999809265137,11.199999809265137,11.050000190734863,11.149999618530273,10.369698524475098,1800
2019-10-25,11.029999732971191,11.25,11.029999732971191,11.199999809265137,10.416200637817383,10300
2019-10-28,11.319999694824219,11.319999694824219,11.149999618530273,11.1899995803833,10.406900405883789,5600
2019-10-29,11.100000381469727,11.390000343322754,11.100000381469727,11.180000305175781,10.397601127624512,3400
2019-10-30,11.109999656677246,11.170000076293945,11.109999656677246,11.170000076293945,10.388299942016602,1300
2019-10-31,11.0600004196167,11.149999618530273,11.0600004196167,11.100000381469727,10.323198318481445,9400
2019-11-01,11.130000114440918,11.510000228881836,11.130000114440918,11.510000228881836,10.704506874084473,10600
2019-11-04,11.75,12.0,11.75,11.760000228881836,10.937009811401367,14900
2019-11-05,11.949999809265137,12.779999732971191,11.649999618530273,12.5,11.625225067138672,11700
2019-11-06,12.489999771118164,12.520000457763672,12.0600004196167,12.359999656677246,11.495020866394043,3700
2019-11-07,12.300000190734863,12.619999885559082,12.300000190734863,12.359999656677246,11.495020866394043,7600
2019-11-08,12.130000114440918,12.399999618530273,11.899999618530273,12.140000343322754,11.417899131774902,9400
2019-11-11,12.140000343322754,12.239999771118164,11.970000267028809,12.15999984741211,11.436708450317383,8100
2019-11-12,12.1899995803833,12.239999771118164,11.930000305175781,12.239999771118164,11.511950492858887,4300
2019-11-13,12.0600004196167,12.239999771118164,12.010000228881836,12.180000305175781,11.455519676208496,3000
2019-11-14,12.0,12.109999656677246,12.0,12.100000381469727,11.380279541015625,1500
2019-11-15,12.029999732971191,12.100000381469727,11.5,11.850000381469727,11.145149230957031,13200
2019-11-18,11.819999694824219,11.859999656677246,11.600000381469727,11.609999656677246,10.919424057006836,3800
2019-11-19,11.630000114440918,11.760000228881836,11.260000228881836,11.449999809265137,10.768940925598145,36800
2019-11-20,11.180000305175781,11.5600004196167,11.180000305175781,11.270000457763672,10.59964656829834,7100
2019-11-21,11.9399995803833,11.9399995803833,11.069999694824219,11.130000114440918,10.467975616455078,11400
2019-11-22,11.180000305175781,12.079999923706055,11.180000305175781,11.34000015258789,10.665482521057129,2100
2019-11-25,11.25,11.25,10.899999618530273,11.229999542236328,10.562026023864746,13600
2019-11-26,11.229999542236328,11.40999984741211,10.970000267028809,11.390000343322754,10.712510108947754,7100
2019-11-27,11.199999809265137,11.6899995803833,11.109999656677246,11.569999694824219,10.881802558898926,16100
2019-11-29,11.850000381469727,11.899999618530273,11.529999732971191,11.890000343322754,11.182769775390625,4300
2019-12-02,11.609999656677246,11.609999656677246,11.420000076293945,11.539999961853027,10.85358715057373,4200
2019-12-03,11.510000228881836,11.520000457763672,11.210000038146973,11.210000038146973,10.543216705322266,4000
2019-12-04,11.449999809265137,11.449999809265137,11.069999694824219,11.119999885559082,10.458568572998047,17300
2019-12-05,11.079999923706055,11.300000190734863,10.90999984741211,11.09000015258789,10.430354118347168,15100
2019-12-06,11.180000305175781,11.279999732971191,11.069999694824219,11.069999694824219,10.411542892456055,3000
2019-12-09,11.0,11.0,10.59000015258789,10.9399995803833,10.289275169372559,19400
2019-12-10,10.800000190734863,11.119999885559082,10.489999771118164,10.489999771118164,9.866042137145996,27400
2019-12-11,10.510000228881836,10.579999923706055,10.15999984741211,10.180000305175781,9.574481964111328,35200
2019-12-12,10.079999923706055,10.579999923706055,10.079999923706055,10.229999542236328,9.621506690979004,27200
2019-12-13,10.1899995803833,10.260000228881836,10.1899995803833,10.239999771118164,9.630913734436035,8700
2019-12-16,10.25,10.260000228881836,9.520000457763672,10.0,9.40518856048584,77500
2019-12-17,9.899999618530273,10.260000228881836,9.729999542236328,10.1899995803833,9.583887100219727,15800
2019-12-18,10.1899995803833,10.25,10.1899995803833,10.239999771118164,9.630913734436035,10200
2019-12-19,10.199999809265137,10.199999809265137,9.979999542236328,9.979999542236328,9.386377334594727,11800
2019-12-20,9.880000114440918,10.739999771118164,9.880000114440918,10.739999771118164,10.10117244720459,21500
2019-12-23,10.699999809265137,10.970000267028809,10.59000015258789,10.819999694824219,10.176412582397461,18300
2019-12-24,10.600000381469727,10.9399995803833,10.0600004196167,10.420000076293945,9.800206184387207,4100
2019-12-26,10.350000381469727,10.5,10.279999732971191,10.319999694824219,9.706153869628906,9800
2019-12-27,10.420000076293945,10.4399995803833,10.15999984741211,10.3100004196167,9.696749687194824,8700
2019-12-30,10.140000343322754,10.399999618530273,10.0600004196167,10.0600004196167,9.46161937713623,11500
2019-12-31,10.229999542236328,10.239999771118164,10.020000457763672,10.079999923706055,9.480429649353027,8000
2020-01-02,10.329999923706055,10.569999694824219,10.100000381469727,10.4399995803833,9.819016456604004,8500
2020-01-03,10.399999618530273,10.489999771118164,10.100000381469727,10.199999809265137,9.593291282653809,15100
2020-01-06,10.09000015258789,10.539999961853027,10.09000015258789,10.4399995803833,9.819016456604004,3000
2020-01-07,10.229999542236328,10.399999618530273,10.229999542236328,10.25,9.640317916870117,2500
2020-01-08,10.289999961853027,10.550000190734863,10.229999542236328,10.260000228881836,9.649723052978516,18900
2020-01-09,10.390000343322754,10.579999923706055,10.180000305175781,10.399999618530273,9.78139591217041,21900
2020-01-10,10.289999961853027,10.470000267028809,10.0600004196167,10.470000267028809,9.847232818603516,28200
2020-01-13,10.449999809265137,10.579999923706055,10.09000015258789,10.329999923706055,9.715559005737305,17900
2020-01-14,10.380000114440918,10.510000228881836,10.109999656677246,10.350000381469727,9.734370231628418,30800
2020-01-15,10.1899995803833,10.359999656677246,10.109999656677246,10.109999656677246,9.508645057678223,17700
2020-01-16,10.199999809265137,10.350000381469727,10.199999809265137,10.329999923706055,9.715559005737305,7600
2020-01-17,10.130000114440918,10.25,10.119999885559082,10.140000343322754,9.536861419677734,22700
2020-01-21,10.220000267028809,10.579999923706055,10.149999618530273,10.199999809265137,9.593291282653809,40700
2020-01-22,10.289999961853027,10.350000381469727,10.130000114440918,10.180000305175781,9.574481964111328,12300
2020-01-23,10.239999771118164,10.4399995803833,10.130000114440918,10.130000114440918,9.52745532989502,27400
2020-01-24,10.15999984741211,10.40999984741211,10.149999618530273,10.380000114440918,9.762584686279297,6600
2020-01-27,10.289999961853027,10.5600004196167,10.239999771118164,10.239999771118164,9.630913734436035,10000
2020-01-28,10.350000381469727,10.460000038146973,10.079999923706055,10.09000015258789,9.48983383178711,25200
2020-01-29,10.149999618530273,10.270000457763672,9.5600004196167,10.1899995803833,9.583887100219727,47000
2020-01-30,10.1899995803833,10.220000267028809,9.989999771118164,10.119999885559082,9.518051147460938,14900
2020-01-31,10.0,10.260000228881836,10.0,10.170000076293945,9.56507682800293,4700
2020-02-03,10.15999984741211,10.300000190734863,10.029999732971191,10.039999961853027,9.442809104919434,15900
2020-02-04,10.0600004196167,10.300000190734863,10.0,10.010000228881836,9.414592742919922,26000
2020-02-05,10.119999885559082,10.300000190734863,10.010000228881836,10.289999961853027,9.677938461303711,20200
2020-02-06,10.220000267028809,10.449999809265137,10.15999984741211,10.449999809265137,9.828420639038086,24500
2020-02-07,10.319999694824219,10.5,10.149999618530273,10.199999809265137,9.593291282653809,33800
2020-02-10,10.15999984741211,10.550000190734863,10.0600004196167,10.4399995803833,9.819016456604004,26600
2020-02-11,10.34000015258789,10.5,10.109999656677246,10.449999809265137,9.828420639038086,22900
2020-02-12,10.140000343322754,10.550000190734863,10.140000343322754,10.40999984741211,9.790800094604492,7700
2020-02-13,10.350000381469727,10.670000076293945,10.260000228881836,10.670000076293945,10.0353364944458,6000
2020-02-14,10.75,10.989999771118164,10.630000114440918,10.630000114440918,9.997714042663574,14900
2020-02-18,10.609999656677246,10.979999542236328,10.609999656677246,10.930000305175781,10.279870986938477,8500
2020-02-19,10.930000305175781,11.149999618530273,10.920000076293945,11.029999732971191,10.373922348022461,17000
2020-02-20,11.109999656677246,11.109999656677246,11.0,11.069999694824219,10.411542892456055,11200
2020-02-21,10.84000015258789,10.869999885559082,10.609999656677246,10.720000267028809,10.209637641906738,15000
2020-02-24,10.600000381469727,10.600000381469727,10.359999656677246,10.430000305175781,9.933443069458008,16700
2020-02-25,10.359999656677246,10.420000076293945,10.050000190734863,10.09000015258789,9.60962963104248,17300
2020-02-26,10.239999771118164,10.350000381469727,10.09000015258789,10.279999732971191,9.790584564208984,16700
2020-02-27,10.279999732971191,10.279999732971191,10.050000190734863,10.1899995803833,9.704869270324707,13300
2020-02-28,10.0,10.239999771118164,9.8100004196167,10.149999618530273,9.666772842407227,22100
2020-03-02,10.079999923706055,10.289999961853027,9.8100004196167,10.289999961853027,9.800107955932617,44000
2020-03-03,10.229999542236328,10.550000190734863,10.229999542236328,10.510000228881836,10.009634971618652,16600
2020-03-04,10.550000190734863,10.65999984741211,10.109999656677246,10.579999923706055,10.076301574707031,10800
2020-03-05,10.239999771118164,10.5,10.020000457763672,10.34000015258789,9.84772777557373,10300
2020-03-06,10.239999771118164,10.239999771118164,9.829999923706055,9.899999618530273,9.428674697875977,16800
2020-03-09,9.699999809265137,9.8100004196167,9.430000305175781,9.569999694824219,9.114385604858398,18800
2020-03-10,9.729999542236328,9.789999961853027,9.180000305175781,9.1899995803833,8.752477645874023,27400
2020-03-11,9.140000343322754,9.460000038146973,8.899999618530273,9.010000228881836,8.581047058105469,17200
2020-03-12,8.859999656677246,9.729999542236328,8.850000381469727,8.850000381469727,8.428665161132812,12300
2020-03-13,8.850000381469727,9.180000305175781,8.300000190734863,8.880000114440918,8.457236289978027,32300
2020-03-16,8.149999618530273,8.489999771118164,6.920000076293945,7.46999979019165,7.114363670349121,50000
2020-03-17,7.980000019073486,8.529999732971191,6.679999828338623,7.809999942779541,7.438177108764648,32800
2020-03-18,7.199999809265137,7.440000057220459,6.349999904632568,6.579999923706055,6.266735553741455,23000
2020-03-19,6.400000095367432,6.449999809265137,5.690000057220459,6.210000038146973,5.914351463317871,70800
2020-03-20,6.599999904632568,7.400000095367432,6.590000152587891,7.170000076293945,6.828646659851074,12600
2020-03-23,6.150000095367432,7.199999809265137,5.710000038146973,6.989999771118164,6.6572160720825195,13600
2020-03-24,7.210000038146973,7.210000038146973,6.0,6.960000038146973,6.6286444664001465,39800
2020-03-25,6.989999771118164,7.849999904632568,6.840000152587891,7.840000152587891,7.46674919128418,25600
2020-03-26,7.929999828338623,8.609999656677246,7.929999828338623,8.489999771118164,8.085803031921387,3900
2020-03-27,8.170000076293945,8.300000190734863,7.75,8.300000190734863,7.904850006103516,15600
2020-03-30,8.199999809265137,8.399999618530273,7.400000095367432,7.599999904632568,7.238174915313721,22600
2020-03-31,7.380000114440918,8.0,7.28000020980835,7.590000152587891,7.228651523590088,18500
2020-04-01,7.340000152587891,7.949999809265137,7.25,7.489999771118164,7.133411884307861,12700
2020-04-02,7.329999923706055,7.840000152587891,7.300000190734863,7.300000190734863,6.952457904815674,16900
2020-04-03,6.769999980926514,7.489999771118164,6.510000228881836,7.489999771118164,7.133411884307861,19900
2020-04-06,7.480000019073486,8.0,6.909999847412109,7.579999923706055,7.219127178192139,9600
2020-04-07,7.880000114440918,8.329999923706055,7.480000019073486,8.329999923706055,7.9334211349487305,23500
2020-04-08,8.329999923706055,8.930000305175781,7.760000228881836,8.890000343322754,8.466760635375977,16500
2020-04-09,8.899999618530273,9.050000190734863,8.539999961853027,8.619999885559082,8.209614753723145,17900
2020-04-13,8.4399995803833,8.630000114440918,7.96999979019165,8.5600004196167,8.152471542358398,9400
2020-04-14,8.609999656677246,8.850000381469727,8.25,8.739999771118164,8.323901176452637,13700
2020-04-15,8.5,8.739999771118164,8.270000457763672,8.34000015258789,7.9429450035095215,14100
2020-04-16,8.229999542236328,8.470000267028809,7.800000190734863,7.800000190734863,7.428653717041016,13700
2020-04-17,8.520000457763672,8.520000457763672,8.010000228881836,8.029999732971191,7.647703647613525,9800
2020-04-20,7.570000171661377,8.300000190734863,7.510000228881836,8.100000381469727,7.714371204376221,9200
2020-04-21,7.849999904632568,8.40999984741211,7.130000114440918,7.130000114440918,6.79055118560791,8800
2020-04-22,7.570000171661377,7.980000019073486,7.260000228881836,7.96999979019165,7.590559482574463,12600
2020-04-23,7.570000171661377,7.809999942779541,7.360000133514404,7.690000057220459,7.323890209197998,3700
2020-04-24,7.349999904632568,7.679999828338623,7.21999979019165,7.610000133514404,7.247698783874512,5400
2020-04-27,7.409999847412109,7.78000020980835,7.409999847412109,7.75,7.381033897399902,4000
2020-04-28,8.210000038146973,8.210000038146973,7.590000152587891,7.849999904632568,7.4762725830078125,800
2020-04-29,8.069999694824219,8.149999618530273,7.889999866485596,8.069999694824219,7.685798645019531,5400
2020-04-30,7.739999771118164,7.989999771118164,7.739999771118164,7.900000095367432,7.523892879486084,1300
2020-05-01,7.71999979019165,7.889999866485596,7.71999979019165,7.75,7.381033897399902,2400
2020-05-04,7.710000038146973,8.3100004196167,7.710000038146973,8.199999809265137,7.809609889984131,13200
2020-05-05,8.350000381469727,8.5,7.78000020980835,8.0,7.619131565093994,19500
2020-05-06,8.199999809265137,8.329999923706055,7.989999771118164,7.989999771118164,7.609607696533203,1600
2020-05-07,8.109999656677246,8.109999656677246,7.940000057220459,7.940000057220459,7.561988353729248,1500
2020-05-08,7.710000038146973,8.350000381469727,7.5,8.180000305175781,7.790563106536865,2400
2020-05-11,7.980000019073486,8.4399995803833,7.949999809265137,7.949999809265137,7.571511745452881,7500
2020-05-12,8.170000076293945,8.170000076293945,7.619999885559082,7.929999828338623,7.552464008331299,5400
2020-05-13,8.020000457763672,8.020000457763672,7.639999866485596,7.78000020980835,7.409605979919434,1000
2020-05-14,7.849999904632568,7.849999904632568,7.0,7.03000020980835,6.695312023162842,7600
2020-05-15,7.050000190734863,7.050000190734863,7.0,7.0,6.666740417480469,2800
2020-05-18,7.050000190734863,7.789999961853027,7.0,7.210000038146973,6.8667426109313965,6900
2020-05-19,7.679999828338623,8.149999618530273,7.480000019073486,7.980000019073486,7.600083827972412,8600
2020-05-20,8.140000343322754,8.140000343322754,7.800000190734863,8.0,7.619131565093994,23400
2020-05-21,7.940000057220459,8.050000190734863,7.800000190734863,7.820000171661377,7.447701454162598,14000
2020-05-22,7.800000190734863,7.820000171661377,7.400000095367432,7.820000171661377,7.5814924240112305,5000
2020-05-26,7.5,8.0,7.420000076293945,7.949999809265137,7.707526683807373,13800
2020-05-27,7.659999847412109,8.539999961853027,7.659999847412109,8.100000381469727,7.852952480316162,7600
2020-05-28,8.199999809265137,8.380000114440918,7.900000095367432,8.050000190734863,7.804477691650391,16500
2020-05-29,8.130000114440918,8.449999809265137,8.0,8.0,7.756001949310303,5900
2020-06-01,8.0600004196167,8.350000381469727,8.039999961853027,8.0600004196167,7.814172267913818,2900
2020-06-02,8.0600004196167,8.399999618530273,7.889999866485596,8.100000381469727,7.852952480316162,43100
2020-06-03,8.119999885559082,8.25,8.029999732971191,8.029999732971191,7.7850871086120605,14400
2020-06-04,7.860000133514404,8.09000015258789,7.860000133514404,8.09000015258789,7.843257427215576,2600
2020-06-05,8.239999771118164,8.239999771118164,7.760000228881836,7.78000020980835,7.542712211608887,12300
2020-06-08,7.849999904632568,8.199999809265137,7.699999809265137,8.079999923706055,7.833561897277832,38000
2020-06-09,8.029999732971191,8.119999885559082,7.900000095367432,8.119999885559082,7.872342109680176,8500
2020-06-10,8.069999694824219,8.720000267028809,8.069999694824219,8.720000267028809,8.454042434692383,8800
2020-06-11,8.470000267028809,8.470000267028809,7.980000019073486,8.220000267028809,7.969292640686035,6100
2020-06-12,8.770000457763672,8.970000267028809,7.849999904632568,7.900000095367432,7.65905237197876,15400
2020-06-15,7.849999904632568,8.420000076293945,7.710000038146973,8.0,7.756001949310303,16000
2020-06-16,8.239999771118164,8.239999771118164,7.980000019073486,8.069999694824219,7.823866844177246,14500
2020-06-17,8.15999984741211,8.15999984741211,7.96999979019165,8.039999961853027,7.7947821617126465,7100
2020-06-18,8.0600004196167,8.100000381469727,8.020000457763672,8.100000381469727,7.852952480316162,5500
2020-06-19,8.0600004196167,8.270000457763672,7.920000076293945,8.270000457763672,8.017766952514648,8300
2020-06-22,8.270000457763672,8.510000228881836,8.0600004196167,8.510000228881836,8.250447273254395,4400
2020-06-23,8.479999542236328,8.5600004196167,8.25,8.279999732971191,8.027462005615234,6100
2020-06-24,8.300000190734863,8.380000114440918,8.0,8.380000114440918,8.124412536621094,2600
2020-06-25,8.460000038146973,8.460000038146973,8.09000015258789,8.25,7.998377323150635,3000
2020-06-26,8.149999618530273,8.149999618530273,7.949999809265137,8.109999656677246,7.86264705657959,6000
2020-06-29,8.050000190734863,8.050000190734863,7.800000190734863,7.909999847412109,7.668746471405029,5000
2020-06-30,7.909999847412109,8.140000343322754,7.889999866485596,7.889999866485596,7.649356842041016,5600
2020-07-01,8.029999732971191,8.100000381469727,7.949999809265137,8.100000381469727,7.852952480316162,2800
2020-07-02,7.949999809265137,8.1899995803833,7.949999809265137,8.0,7.756001949310303,3600
2020-07-06,8.0,8.140000343322754,7.949999809265137,7.949999809265137,7.707526683807373,4200
2020-07-07,8.050000190734863,8.239999771118164,7.889999866485596,8.239999771118164,7.988681793212891,6100
2020-07-08,7.949999809265137,7.949999809265137,7.949999809265137,7.949999809265137,7.707526683807373,300
2020-07-09,7.940000057220459,8.229999542236328,7.820000171661377,8.229999542236328,7.9789862632751465,2600
2020-07-10,8.1899995803833,8.1899995803833,8.020000457763672,8.0600004196167,7.814172267913818,500
2020-07-13,8.0600004196167,8.130000114440918,7.820000171661377,8.130000114440918,7.88203763961792,1000
2020-07-14,8.0,8.0,8.0,8.0,7.756001949310303,600
2020-07-15,8.0,8.0,7.880000114440918,8.0,7.756001949310303,8100
2020-07-16,7.96999979019165,8.0,7.96999979019165,8.0,7.756001949310303,400
2020-07-17,7.960000038146973,8.0,7.769999980926514,7.980000019073486,7.736611843109131,7700
2020-07-20,7.989999771118164,8.0,7.760000228881836,8.0,7.756001949310303,3700
2020-07-21,7.880000114440918,8.100000381469727,7.840000152587891,7.960000038146973,7.717222213745117,9100
2020-07-22,7.920000076293945,8.0600004196167,7.900000095367432,8.010000228881836,7.765697002410889,6200
2020-07-23,8.039999961853027,8.039999961853027,7.900000095367432,7.900000095367432,7.65905237197876,4900
2020-07-24,8.010000228881836,8.010000228881836,7.929999828338623,8.0,7.756001949310303,2400
2020-07-27,8.0,8.039999961853027,7.900000095367432,7.940000057220459,7.697832107543945,5100
2020-07-28,7.880000114440918,8.039999961853027,7.880000114440918,8.039999961853027,7.7947821617126465,3500
2020-07-29,8.029999732971191,8.029999732971191,7.800000190734863,7.869999885559082,7.629966735839844,5100
2020-07-30,7.909999847412109,8.010000228881836,7.800000190734863,8.010000228881836,7.765697002410889,1400
2020-07-31,8.029999732971191,8.039999961853027,7.809999942779541,7.840000152587891,7.600882053375244,9300
2020-08-03,7.860000133514404,8.0,7.860000133514404,7.920000076293945,7.678442001342773,3100
2020-08-04,8.0,8.0,7.96999979019165,7.96999979019165,7.726916790008545,2700
2020-08-05,8.039999961853027,8.149999618530273,8.010000228881836,8.149999618530273,7.901426315307617,5900
2020-08-06,8.130000114440918,8.130000114440918,8.130000114440918,8.130000114440918,7.88203763961792,300
2020-08-07,8.199999809265137,8.850000381469727,8.0,8.149999618530273,7.901426315307617,16200
2020-08-10,8.109999656677246,8.5,8.100000381469727,8.5,8.240752220153809,8400
2020-08-11,8.670000076293945,8.670000076293945,8.5600004196167,8.630000114440918,8.36678695678711,4600
2020-08-12,8.649999618530273,8.649999618530273,8.5600004196167,8.5600004196167,8.298922538757324,5900
2020-08-13,8.510000228881836,8.640000343322754,8.40999984741211,8.460000038146973,8.201972961425781,6300
2020-08-14,8.5600004196167,9.050000190734863,8.510000228881836,8.960000038146973,8.686721801757812,13200
2020-08-17,9.0,9.15999984741211,8.9399995803833,9.029999732971191,8.754587173461914,15000
2020-08-18,9.0,9.220000267028809,9.0,9.100000381469727,8.959373474121094,3100
2020-08-19,9.0600004196167,9.149999618530273,8.739999771118164,9.140000343322754,8.99875545501709,8900
2020-08-20,9.0,9.09000015258789,8.869999885559082,8.869999885559082,8.732927322387695,4200
2020-08-21,8.890000343322754,8.890000343322754,8.699999809265137,8.829999923706055,8.6935453414917,4000
2020-08-24,8.819999694824219,8.84000015258789,8.710000038146973,8.710000038146973,8.575400352478027,1500
2020-08-25,8.850000381469727,8.850000381469727,8.729999542236328,8.800000190734863,8.664009094238281,1800
2020-08-26,8.880000114440918,8.880000114440918,8.760000228881836,8.859999656677246,8.723081588745117,4200
2020-08-27,8.880000114440918,8.880000114440918,8.800000190734863,8.84000015258789,8.703391075134277,3600
2020-08-28,8.970000267028809,8.970000267028809,8.880000114440918,8.899999618530273,8.762463569641113,2500
2020-08-31,8.890000343322754,8.970000267028809,8.609999656677246,8.789999961853027,8.654163360595703,20100
2020-09-01,8.789999961853027,8.829999923706055,8.600000381469727,8.600000381469727,8.467100143432617,10400
2020-09-02,8.760000228881836,8.90999984741211,8.600000381469727,8.609999656677246,8.476944923400879,3700
2020-09-03,8.760000228881836,8.899999618530273,8.75,8.899999618530273,8.762463569641113,2600
2020-09-04,8.899999618530273,9.050000190734863,8.760000228881836,8.930000305175781,8.792000770568848,8300
2020-09-08,9.069999694824219,9.069999694824219,9.0,9.050000190734863,8.91014575958252,2800
2020-09-09,9.100000381469727,9.100000381469727,8.920000076293945,8.920000076293945,8.78215503692627,2900
2020-09-10,9.0600004196167,9.149999618530273,9.0,9.149999618530273,9.008600234985352,2000
2020-09-11,9.180000305175781,9.25,9.029999732971191,9.029999732971191,8.890454292297363,3500
2020-09-14,9.039999961853027,9.180000305175781,9.010000228881836,9.010000228881836,8.870763778686523,3400
2020-09-15,9.390000343322754,9.390000343322754,9.0600004196167,9.260000228881836,9.116900444030762,2900
2020-09-16,9.229999542236328,9.479999542236328,9.149999618530273,9.260000228881836,9.116900444030762,2400
2020-09-17,9.260000228881836,9.640000343322754,9.260000228881836,9.319999694824219,9.175972938537598,2700
2020-09-18,9.59000015258789,9.59000015258789,9.300000190734863,9.5,9.353191375732422,13600
2020-09-21,9.5,9.5,9.229999542236328,9.380000114440918,9.23504638671875,7500
2020-09-22,9.420000076293945,9.420000076293945,9.09000015258789,9.09000015258789,8.949527740478516,2800
2020-09-23,9.100000381469727,9.609999656677246,9.079999923706055,9.109999656677246,8.969218254089355,2700
2020-09-24,9.050000190734863,9.119999885559082,8.600000381469727,8.640000343322754,8.506482124328613,11000
2020-09-25,8.75,8.960000038146973,8.75,8.8100004196167,8.67385482788086,2000
2020-09-28,8.829999923706055,8.829999923706055,8.5,8.5,8.368644714355469,2900
2020-09-29,8.479999542236328,8.5,8.199999809265137,8.5,8.368644714355469,12500
2020-09-30,8.1899995803833,8.5600004196167,8.1899995803833,8.289999961853027,8.161890029907227,1300
2020-10-01,8.359999656677246,8.5600004196167,8.350000381469727,8.399999618530273,8.270190238952637,1900
2020-10-02,8.100000381469727,8.239999771118164,8.100000381469727,8.229999542236328,8.10281753540039,1800
2020-10-05,8.369999885559082,8.529999732971191,8.199999809265137,8.420000076293945,8.289881706237793,3900
2020-10-06,8.420000076293945,8.420000076293945,8.239999771118164,8.329999923706055,8.201272010803223,4600
2020-10-07,8.359999656677246,8.399999618530273,8.3100004196167,8.399999618530273,8.270190238952637,2700
2020-10-08,8.4399995803833,8.539999961853027,8.380000114440918,8.479999542236328,8.348953247070312,3500
2020-10-09,8.449999809265137,8.5600004196167,8.449999809265137,8.5600004196167,8.427718162536621,1200
2020-10-12,8.600000381469727,8.600000381469727,8.520000457763672,8.529999732971191,8.398180961608887,1300
2020-10-13,8.569999694824219,8.600000381469727,8.569999694824219,8.569999694824219,8.437562942504883,3800
2020-10-14,8.520000457763672,8.520000457763672,7.760000228881836,8.180000305175781,8.053590774536133,16800
2020-10-15,8.229999542236328,8.390000343322754,8.100000381469727,8.350000381469727,8.220963478088379,11700
2020-10-16,8.140000343322754,8.5,8.140000343322754,8.479999542236328,8.348953247070312,11000
2020-10-19,8.420000076293945,8.6899995803833,8.329999923706055,8.59000015258789,8.457254409790039,20200
2020-10-20,8.640000343322754,8.670000076293945,8.640000343322754,8.670000076293945,8.536018371582031,400
2020-10-21,8.600000381469727,8.600000381469727,8.520000457763672,8.520000457763672,8.388336181640625,1400
2020-10-22,8.449999809265137,8.5600004196167,8.449999809265137,8.5,8.368644714355469,2100
2020-10-23,8.529999732971191,8.529999732971191,8.430000305175781,8.449999809265137,8.319417953491211,1500
2020-10-26,8.4399995803833,8.4399995803833,8.199999809265137,8.4399995803833,8.309572219848633,2000
2020-10-27,8.399999618530273,8.399999618530273,8.390000343322754,8.390000343322754,8.260345458984375,400
2020-10-28,8.199999809265137,8.210000038146973,8.140000343322754,8.199999809265137,8.073281288146973,7700
2020-10-29,8.1899995803833,8.270000457763672,8.149999618530273,8.239999771118164,8.112662315368652,10900
2020-10-30,8.010000228881836,8.380000114440918,7.940000057220459,8.069999694824219,7.945289611816406,19600
2020-11-02,8.199999809265137,8.199999809265137,8.0,8.0600004196167,7.9354448318481445,4900
2020-11-03,8.130000114440918,8.199999809265137,8.130000114440918,8.199999809265137,8.073281288146973,2000
2020-11-04,8.149999618530273,8.380000114440918,8.149999618530273,8.279999732971191,8.152044296264648,6200
2020-11-05,8.399999618530273,8.449999809265137,8.3100004196167,8.420000076293945,8.289881706237793,2200
2020-11-06,8.4399995803833,8.630000114440918,8.4399995803833,8.619999885559082,8.486790657043457,7700
2020-11-09,8.90999984741211,9.140000343322754,8.579999923706055,8.930000305175781,8.792000770568848,15400
2020-11-10,9.149999618530273,9.5,9.149999618530273,9.5,9.5,6200
2020-11-11,9.5,9.739999771118164,9.140000343322754,9.710000038146973,9.710000038146973,14200
2020-11-12,9.739999771118164,9.739999771118164,9.369999885559082,9.380000114440918,9.380000114440918,5900
2020-11-13,9.3100004196167,9.430000305175781,9.3100004196167,9.399999618530273,9.399999618530273,800
2020-11-16,9.59000015258789,9.59000015258789,9.149999618530273,9.15999984741211,9.15999984741211,3700
2020-11-17,9.0,9.40999984741211,8.75,9.40999984741211,9.40999984741211,12500
2020-11-18,9.430000305175781,9.539999961853027,9.380000114440918,9.380000114440918,9.380000114440918,5000
2020-11-19,9.4399995803833,9.4399995803833,9.390000343322754,9.4399995803833,9.4399995803833,1400
2020-11-20,9.359999656677246,9.359999656677246,9.170000076293945,9.1899995803833,9.1899995803833,2100
2020-11-23,9.239999771118164,9.40999984741211,9.149999618530273,9.40999984741211,9.40999984741211,2500
2020-11-24,9.520000457763672,9.520000457763672,9.199999809265137,9.210000038146973,9.210000038146973,10200
2020-11-25,9.359999656677246,9.4399995803833,9.140000343322754,9.4399995803833,9.4399995803833,4600
2020-11-27,9.430000305175781,9.449999809265137,9.430000305175781,9.449999809265137,9.449999809265137,800
2020-11-30,9.470000267028809,9.489999771118164,9.34000015258789,9.359999656677246,9.359999656677246,5200
2020-12-01,9.34000015258789,9.34000015258789,9.279999732971191,9.3100004196167,9.3100004196167,3200
2020-12-02,9.34000015258789,9.380000114440918,8.880000114440918,8.890000343322754,8.890000343322754,10900
2020-12-03,8.949999809265137,9.15999984741211,8.949999809265137,9.050000190734863,9.050000190734863,20100
2020-12-04,8.979999542236328,9.0600004196167,8.800000190734863,9.010000228881836,9.010000228881836,17100
2020-12-07,9.0,9.0,8.75,8.859999656677246,8.859999656677246,12000
2020-12-08,8.84000015258789,9.050000190734863,8.649999618530273,8.949999809265137,8.949999809265137,14000
2020-12-09,8.890000343322754,8.949999809265137,8.75,8.920000076293945,8.920000076293945,31800
2020-12-10,8.739999771118164,8.949999809265137,8.5,8.880000114440918,8.880000114440918,21400
2020-12-11,8.869999885559082,8.869999885559082,8.609999656677246,8.710000038146973,8.710000038146973,8900
2020-12-14,8.789999961853027,8.930000305175781,8.710000038146973,8.789999961853027,8.789999961853027,3200
2020-12-15,8.829999923706055,8.829999923706055,8.109999656677246,8.40999984741211,8.40999984741211,24500
2020-12-16,8.489999771118164,8.739999771118164,8.489999771118164,8.739999771118164,8.739999771118164,21300
2020-12-17,8.6899995803833,8.710000038146973,8.520000457763672,8.6899995803833,8.6899995803833,29200
2020-12-18,8.649999618530273,8.670000076293945,8.380000114440918,8.380000114440918,8.380000114440918,30200
2020-12-21,8.399999618530273,8.4399995803833,8.329999923706055,8.4399995803833,8.4399995803833,18800
2020-12-22,8.479999542236328,8.619999885559082,8.399999618530273,8.619999885559082,8.619999885559082,22700
2020-12-23,8.59000015258789,9.050000190734863,8.550000190734863,8.899999618530273,8.899999618530273,16100
2020-12-24,8.899999618530273,8.899999618530273,8.710000038146973,8.710000038146973,8.710000038146973,4200
2020-12-28,8.850000381469727,9.289999961853027,8.729999542236328,9.0600004196167,9.0600004196167,23200
2020-12-29,9.050000190734863,9.050000190734863,8.899999618530273,8.920000076293945,8.920000076293945,7300
2020-12-30,8.949999809265137,8.949999809265137,8.6899995803833,8.8100004196167,8.8100004196167,17500
2020-12-31,8.779999732971191,8.779999732971191,8.510000228881836,8.520000457763672,8.520000457763672,24200
2021-01-04,8.649999618530273,8.649999618530273,8.260000228881836,8.3100004196167,8.3100004196167,27200
2021-01-05,8.3100004196167,8.430000305175781,8.199999809265137,8.300000190734863,8.300000190734863,43900
2021-01-06,8.350000381469727,8.619999885559082,8.300000190734863,8.5600004196167,8.5600004196167,27800
2021-01-07,8.529999732971191,8.829999923706055,8.529999732971191,8.819999694824219,8.819999694824219,12800
2021-01-08,8.949999809265137,9.149999618530273,8.859999656677246,9.0600004196167,9.0600004196167,26400
2021-01-11,9.020000457763672,9.279999732971191,8.899999618530273,8.989999771118164,8.989999771118164,23100
2021-01-12,9.0600004196167,9.0600004196167,8.979999542236328,9.010000228881836,9.010000228881836,4700
2021-01-13,9.0,9.0,8.640000343322754,8.710000038146973,8.710000038146973,16400
2021-01-14,8.829999923706055,8.90999984741211,8.720000267028809,8.739999771118164,8.739999771118164,8000
2021-01-15,8.920000076293945,8.920000076293945,8.609999656677246,8.75,8.75,28900
2021-01-19,8.850000381469727,8.949999809265137,8.789999961853027,8.890000343322754,8.890000343322754,13400
2021-01-20,8.949999809265137,8.949999809265137,8.619999885559082,8.640000343322754,8.640000343322754,17500
2021-01-21,8.729999542236328,8.779999732971191,8.630000114440918,8.710000038146973,8.710000038146973,9100
2021-01-22,8.779999732971191,8.779999732971191,8.600000381469727,8.739999771118164,8.739999771118164,17000
2021-01-25,8.739999771118164,9.0,8.65999984741211,8.899999618530273,8.899999618530273,21200
2021-01-26,8.899999618530273,8.970000267028809,8.800000190734863,8.970000267028809,8.970000267028809,4100
2021-01-27,8.899999618530273,8.970000267028809,8.609999656677246,8.609999656677246,8.609999656677246,34200
2021-01-28,8.640000343322754,8.8100004196167,8.609999656677246,8.630000114440918,8.630000114440918,23600
2021-01-29,8.630000114440918,8.699999809265137,8.550000190734863,8.569999694824219,8.569999694824219,16500
2021-02-01,8.609999656677246,8.710000038146973,8.520000457763672,8.520000457763672,8.520000457763672,9900
2021-02-02,8.569999694824219,8.609999656677246,8.510000228881836,8.609999656677246,8.609999656677246,11000
2021-02-03,8.65999984741211,8.680000305175781,8.529999732971191,8.65999984741211,8.65999984741211,10100
2021-02-04,8.649999618530273,8.729999542236328,8.649999618530273,8.699999809265137,8.699999809265137,13900
2021-02-05,8.640000343322754,8.770000457763672,8.630000114440918,8.630000114440918,8.630000114440918,35900
