Date,Open,High,Low,Close,Adj Close,Volume
2019-06-03,9.999999747378752e-06,9.999999747378752e-06,9.999999747378752e-06,9.999999747378752e-06,9.999999747378752e-06,0
2019-06-04,9.999999747378752e-06,9.999999747378752e-06,9.999999747378752e-06,9.999999747378752e-06,9.999999747378752e-06,0
2019-06-05,9.999999747378752e-06,9.999999747378752e-06,9.999999747378752e-06,9.999999747378752e-06,9.999999747378752e-06,0
2019-06-06,9.999999747378752e-06,9.999999747378752e-06,9.999999747378752e-06,9.999999747378752e-06,9.999999747378752e-06,0
2019-06-07,9.999999747378752e-06,9.999999747378752e-06,9.999999747378752e-06,9.999999747378752e-06,9.999999747378752e-06,0
2019-06-10,9.999999747378752e-06,9.999999747378752e-06,9.999999747378752e-06,9.999999747378752e-06,9.999999747378752e-06,0
2019-06-11,9.999999747378752e-06,9.999999747378752e-06,9.999999747378752e-06,9.999999747378752e-06,9.999999747378752e-06,0
2019-06-12,9.999999747378752e-06,9.999999747378752e-06,9.999999747378752e-06,9.999999747378752e-06,9.999999747378752e-06,0
2019-06-13,9.999999747378752e-06,9.999999747378752e-06,9.999999747378752e-06,9.999999747378752e-06,9.999999747378752e-06,0
2019-06-14,9.999999747378752e-06,9.999999747378752e-06,9.999999747378752e-06,9.999999747378752e-06,9.999999747378752e-06,0
2019-06-17,9.999999747378752e-06,9.999999747378752e-06,9.999999747378752e-06,9.999999747378752e-06,9.999999747378752e-06,0
2019-06-18,9.999999747378752e-06,9.999999747378752e-06,9.999999747378752e-06,9.999999747378752e-06,9.999999747378752e-06,0
2019-06-19,9.999999747378752e-06,9.999999747378752e-06,9.999999747378752e-06,9.999999747378752e-06,9.999999747378752e-06,0
2019-06-20,9.999999747378752e-06,9.999999747378752e-06,9.999999747378752e-06,9.999999747378752e-06,9.999999747378752e-06,0
2019-06-21,9.999999747378752e-06,9.999999747378752e-06,9.999999747378752e-06,9.999999747378752e-06,9.999999747378752e-06,0
2019-06-24,9.999999747378752e-06,9.999999747378752e-06,9.999999747378752e-06,9.999999747378752e-06,9.999999747378752e-06,0
2019-06-25,9.999999747378752e-06,9.999999747378752e-06,9.999999747378752e-06,9.999999747378752e-06,9.999999747378752e-06,0
2019-06-26,9.999999747378752e-06,9.999999747378752e-06,9.999999747378752e-06,9.999999747378752e-06,9.999999747378752e-06,0
2019-06-27,9.999999747378752e-06,9.999999747378752e-06,9.999999747378752e-06,9.999999747378752e-06,9.999999747378752e-06,0
2019-06-28,9.999999747378752e-06,9.999999747378752e-06,9.999999747378752e-06,9.999999747378752e-06,9.999999747378752e-06,0
2019-07-01,9.999999747378752e-06,9.999999747378752e-06,9.999999747378752e-06,9.999999747378752e-06,9.999999747378752e-06,0
2019-07-02,9.999999747378752e-06,9.999999747378752e-06,9.999999747378752e-06,9.999999747378752e-06,9.999999747378752e-06,0
2019-07-03,9.999999747378752e-06,9.999999747378752e-06,9.999999747378752e-06,9.999999747378752e-06,9.999999747378752e-06,0
2019-07-05,9.999999747378752e-06,9.999999747378752e-06,9.999999747378752e-06,9.999999747378752e-06,9.999999747378752e-06,0
2019-07-08,9.999999747378752e-06,9.999999747378752e-06,9.999999747378752e-06,9.999999747378752e-06,9.999999747378752e-06,0
2019-07-09,9.999999747378752e-06,9.999999747378752e-06,9.999999747378752e-06,9.999999747378752e-06,9.999999747378752e-06,0
2019-07-10,9.999999747378752e-06,9.999999747378752e-06,9.999999747378752e-06,9.999999747378752e-06,9.999999747378752e-06,0
2019-07-11,9.999999747378752e-06,9.999999747378752e-06,9.999999747378752e-06,9.999999747378752e-06,9.999999747378752e-06,0
2019-07-12,9.999999747378752e-06,9.999999747378752e-06,9.999999747378752e-06,9.999999747378752e-06,9.999999747378752e-06,0
2019-07-15,9.999999747378752e-06,9.999999747378752e-06,9.999999747378752e-06,9.999999747378752e-06,9.999999747378752e-06,0
2019-07-16,9.999999747378752e-06,9.999999747378752e-06,9.999999747378752e-06,9.999999747378752e-06,9.999999747378752e-06,0
2019-07-17,9.999999747378752e-06,9.999999747378752e-06,9.999999747378752e-06,9.999999747378752e-06,9.999999747378752e-06,0
2019-07-18,9.999999747378752e-06,9.999999747378752e-06,9.999999747378752e-06,9.999999747378752e-06,9.999999747378752e-06,0
2019-07-19,9.999999747378752e-06,9.999999747378752e-06,9.999999747378752e-06,9.999999747378752e-06,9.999999747378752e-06,0
2019-07-22,9.999999747378752e-06,9.999999747378752e-06,9.999999747378752e-06,9.999999747378752e-06,9.999999747378752e-06,0
2019-07-23,9.999999747378752e-06,9.999999747378752e-06,9.999999747378752e-06,9.999999747378752e-06,9.999999747378752e-06,0
2019-07-24,9.999999747378752e-06,9.999999747378752e-06,9.999999747378752e-06,9.999999747378752e-06,9.999999747378752e-06,0
2019-07-25,9.999999747378752e-06,9.999999747378752e-06,9.999999747378752e-06,9.999999747378752e-06,9.999999747378752e-06,0
2019-07-26,9.999999747378752e-06,9.999999747378752e-06,9.999999747378752e-06,9.999999747378752e-06,9.999999747378752e-06,0
2019-07-29,9.999999747378752e-06,9.999999747378752e-06,9.999999747378752e-06,9.999999747378752e-06,9.999999747378752e-06,0
2019-07-30,9.999999747378752e-06,9.999999747378752e-06,9.999999747378752e-06,9.999999747378752e-06,9.999999747378752e-06,0
2019-07-31,9.999999747378752e-06,9.999999747378752e-06,9.999999747378752e-06,9.999999747378752e-06,9.999999747378752e-06,0
2019-08-01,9.999999747378752e-06,9.999999747378752e-06,9.999999747378752e-06,9.999999747378752e-06,9.999999747378752e-06,0
2019-08-02,9.999999747378752e-06,9.999999747378752e-06,9.999999747378752e-06,9.999999747378752e-06,9.999999747378752e-06,0
2019-08-05,9.999999747378752e-06,9.999999747378752e-06,9.999999747378752e-06,9.999999747378752e-06,9.999999747378752e-06,0
2019-08-06,9.999999747378752e-06,9.999999747378752e-06,9.999999747378752e-06,9.999999747378752e-06,9.999999747378752e-06,0
2019-08-07,9.999999747378752e-06,9.999999747378752e-06,9.999999747378752e-06,9.999999747378752e-06,9.999999747378752e-06,0
2019-08-08,9.999999747378752e-06,9.999999747378752e-06,9.999999747378752e-06,9.999999747378752e-06,9.999999747378752e-06,0
2019-08-09,9.999999747378752e-06,9.999999747378752e-06,9.999999747378752e-06,9.999999747378752e-06,9.999999747378752e-06,0
2019-08-12,9.999999747378752e-06,9.999999747378752e-06,9.999999747378752e-06,9.999999747378752e-06,9.999999747378752e-06,0
2019-08-13,9.999999747378752e-06,9.999999747378752e-06,9.999999747378752e-06,9.999999747378752e-06,9.999999747378752e-06,0
2019-08-14,9.999999747378752e-06,9.999999747378752e-06,9.999999747378752e-06,9.999999747378752e-06,9.999999747378752e-06,0
2019-08-15,9.999999747378752e-06,9.999999747378752e-06,9.999999747378752e-06,9.999999747378752e-06,9.999999747378752e-06,0
2019-08-16,9.999999747378752e-06,9.999999747378752e-06,9.999999747378752e-06,9.999999747378752e-06,9.999999747378752e-06,0
2019-08-19,9.999999747378752e-06,9.999999747378752e-06,9.999999747378752e-06,9.999999747378752e-06,9.999999747378752e-06,0
2019-08-20,9.999999747378752e-06,9.999999747378752e-06,9.999999747378752e-06,9.999999747378752e-06,9.999999747378752e-06,0
2019-08-21,9.999999747378752e-06,9.999999747378752e-06,9.999999747378752e-06,9.999999747378752e-06,9.999999747378752e-06,0
2019-08-22,9.999999747378752e-06,9.999999747378752e-06,9.999999747378752e-06,9.999999747378752e-06,9.999999747378752e-06,0
2019-08-23,9.999999747378752e-06,9.999999747378752e-06,9.999999747378752e-06,9.999999747378752e-06,9.999999747378752e-06,0
2019-08-26,9.999999747378752e-06,9.999999747378752e-06,9.999999747378752e-06,9.999999747378752e-06,9.999999747378752e-06,0
2019-08-27,9.999999747378752e-06,9.999999747378752e-06,9.999999747378752e-06,9.999999747378752e-06,9.999999747378752e-06,0
2019-08-28,9.999999747378752e-06,9.999999747378752e-06,9.999999747378752e-06,9.999999747378752e-06,9.999999747378752e-06,0
2019-08-29,9.999999747378752e-06,9.999999747378752e-06,9.999999747378752e-06,9.999999747378752e-06,9.999999747378752e-06,0
2019-08-30,9.999999747378752e-06,9.999999747378752e-06,9.999999747378752e-06,9.999999747378752e-06,9.999999747378752e-06,0
2019-09-03,9.999999747378752e-06,9.999999747378752e-06,9.999999747378752e-06,9.999999747378752e-06,9.999999747378752e-06,0
2019-09-04,9.999999747378752e-06,9.999999747378752e-06,9.999999747378752e-06,9.999999747378752e-06,9.999999747378752e-06,0
2019-09-05,9.999999747378752e-06,9.999999747378752e-06,9.999999747378752e-06,9.999999747378752e-06,9.999999747378752e-06,0
2019-09-06,9.999999747378752e-06,9.999999747378752e-06,9.999999747378752e-06,9.999999747378752e-06,9.999999747378752e-06,0
2019-09-09,9.999999747378752e-06,9.999999747378752e-06,9.999999747378752e-06,9.999999747378752e-06,9.999999747378752e-06,0
2019-09-10,9.999999747378752e-06,9.999999747378752e-06,9.999999747378752e-06,9.999999747378752e-06,9.999999747378752e-06,0
2019-09-11,9.999999747378752e-06,9.999999747378752e-06,9.999999747378752e-06,9.999999747378752e-06,9.999999747378752e-06,0
2019-09-12,9.999999747378752e-06,9.999999747378752e-06,9.999999747378752e-06,9.999999747378752e-06,9.999999747378752e-06,0
2019-09-13,9.999999747378752e-06,9.999999747378752e-06,9.999999747378752e-06,9.999999747378752e-06,9.999999747378752e-06,0
2019-09-16,9.999999747378752e-06,9.999999747378752e-06,9.999999747378752e-06,9.999999747378752e-06,9.999999747378752e-06,0
2019-09-17,9.999999747378752e-06,9.999999747378752e-06,9.999999747378752e-06,9.999999747378752e-06,9.999999747378752e-06,0
2019-09-18,9.999999747378752e-06,9.999999747378752e-06,9.999999747378752e-06,9.999999747378752e-06,9.999999747378752e-06,0
2019-09-19,9.999999747378752e-06,9.999999747378752e-06,9.999999747378752e-06,9.999999747378752e-06,9.999999747378752e-06,0
2019-09-20,9.999999747378752e-06,9.999999747378752e-06,9.999999747378752e-06,9.999999747378752e-06,9.999999747378752e-06,0
2019-09-23,9.999999747378752e-06,9.999999747378752e-06,9.999999747378752e-06,9.999999747378752e-06,9.999999747378752e-06,0
2019-09-24,9.999999747378752e-06,9.999999747378752e-06,9.999999747378752e-06,9.999999747378752e-06,9.999999747378752e-06,0
2019-09-25,9.999999747378752e-06,9.999999747378752e-06,9.999999747378752e-06,9.999999747378752e-06,9.999999747378752e-06,0
2019-09-26,9.999999747378752e-06,9.999999747378752e-06,9.999999747378752e-06,9.999999747378752e-06,9.999999747378752e-06,0
2019-09-27,9.999999747378752e-06,9.999999747378752e-06,9.999999747378752e-06,9.999999747378752e-06,9.999999747378752e-06,0
2019-09-30,9.999999747378752e-06,9.999999747378752e-06,9.999999747378752e-06,9.999999747378752e-06,9.999999747378752e-06,0
2019-10-01,9.999999747378752e-06,9.999999747378752e-06,9.999999747378752e-06,9.999999747378752e-06,9.999999747378752e-06,0
2019-10-02,9.999999747378752e-06,9.999999747378752e-06,9.999999747378752e-06,9.999999747378752e-06,9.999999747378752e-06,0
2019-10-03,9.999999747378752e-06,9.999999747378752e-06,9.999999747378752e-06,9.999999747378752e-06,9.999999747378752e-06,0
2019-10-04,9.999999747378752e-06,9.999999747378752e-06,9.999999747378752e-06,9.999999747378752e-06,9.999999747378752e-06,0
2019-10-07,9.999999747378752e-06,9.999999747378752e-06,9.999999747378752e-06,9.999999747378752e-06,9.999999747378752e-06,0
2019-10-08,9.999999747378752e-06,9.999999747378752e-06,9.999999747378752e-06,9.999999747378752e-06,9.999999747378752e-06,0
2019-10-09,9.999999747378752e-06,9.999999747378752e-06,9.999999747378752e-06,9.999999747378752e-06,9.999999747378752e-06,0
2019-10-10,9.999999747378752e-06,9.999999747378752e-06,9.999999747378752e-06,9.999999747378752e-06,9.999999747378752e-06,0
2019-10-11,9.999999747378752e-06,9.999999747378752e-06,9.999999747378752e-06,9.999999747378752e-06,9.999999747378752e-06,0
2019-10-14,9.999999747378752e-06,9.999999747378752e-06,9.999999747378752e-06,9.999999747378752e-06,9.999999747378752e-06,0
2019-10-15,9.999999747378752e-06,9.999999747378752e-06,9.999999747378752e-06,9.999999747378752e-06,9.999999747378752e-06,0
2019-10-16,9.999999747378752e-06,9.999999747378752e-06,9.999999747378752e-06,9.999999747378752e-06,9.999999747378752e-06,0
2019-10-17,9.999999747378752e-06,9.999999747378752e-06,9.999999747378752e-06,9.999999747378752e-06,9.999999747378752e-06,0
2019-10-18,9.999999747378752e-06,9.999999747378752e-06,9.999999747378752e-06,9.999999747378752e-06,9.999999747378752e-06,0
2019-10-21,9.999999747378752e-06,9.999999747378752e-06,9.999999747378752e-06,9.999999747378752e-06,9.999999747378752e-06,0
2019-10-22,9.999999747378752e-06,9.999999747378752e-06,9.999999747378752e-06,9.999999747378752e-06,9.999999747378752e-06,0
2019-10-23,9.999999747378752e-06,9.999999747378752e-06,9.999999747378752e-06,9.999999747378752e-06,9.999999747378752e-06,0
2019-10-24,9.999999747378752e-06,9.999999747378752e-06,9.999999747378752e-06,9.999999747378752e-06,9.999999747378752e-06,0
2019-10-25,9.999999747378752e-06,9.999999747378752e-06,9.999999747378752e-06,9.999999747378752e-06,9.999999747378752e-06,0
2019-10-28,9.999999747378752e-06,9.999999747378752e-06,9.999999747378752e-06,9.999999747378752e-06,9.999999747378752e-06,0
2019-10-29,9.999999747378752e-06,9.999999747378752e-06,9.999999747378752e-06,9.999999747378752e-06,9.999999747378752e-06,0
2019-10-30,9.999999747378752e-06,9.999999747378752e-06,9.999999747378752e-06,9.999999747378752e-06,9.999999747378752e-06,0
2019-10-31,9.999999747378752e-06,9.999999747378752e-06,9.999999747378752e-06,9.999999747378752e-06,9.999999747378752e-06,0
2019-11-01,9.999999747378752e-06,9.999999747378752e-06,9.999999747378752e-06,9.999999747378752e-06,9.999999747378752e-06,0
2019-11-04,9.999999747378752e-06,9.999999747378752e-06,9.999999747378752e-06,9.999999747378752e-06,9.999999747378752e-06,0
2019-11-05,9.999999747378752e-06,9.999999747378752e-06,9.999999747378752e-06,9.999999747378752e-06,9.999999747378752e-06,0
2019-11-06,9.999999747378752e-06,9.999999747378752e-06,9.999999747378752e-06,9.999999747378752e-06,9.999999747378752e-06,0
2019-11-07,9.999999747378752e-06,9.999999747378752e-06,9.999999747378752e-06,9.999999747378752e-06,9.999999747378752e-06,0
2019-11-08,9.999999747378752e-06,9.999999747378752e-06,9.999999747378752e-06,9.999999747378752e-06,9.999999747378752e-06,0
2019-11-11,9.999999747378752e-06,9.999999747378752e-06,9.999999747378752e-06,9.999999747378752e-06,9.999999747378752e-06,0
2019-11-12,9.999999747378752e-06,9.999999747378752e-06,9.999999747378752e-06,9.999999747378752e-06,9.999999747378752e-06,0
2019-11-13,9.999999747378752e-06,9.999999747378752e-06,9.999999747378752e-06,9.999999747378752e-06,9.999999747378752e-06,0
2019-11-14,9.999999747378752e-06,9.999999747378752e-06,9.999999747378752e-06,9.999999747378752e-06,9.999999747378752e-06,0
2019-11-15,9.999999747378752e-06,9.999999747378752e-06,9.999999747378752e-06,9.999999747378752e-06,9.999999747378752e-06,0
2019-11-18,9.999999747378752e-06,9.999999747378752e-06,9.999999747378752e-06,9.999999747378752e-06,9.999999747378752e-06,0
2019-11-19,9.999999747378752e-06,9.999999747378752e-06,9.999999747378752e-06,9.999999747378752e-06,9.999999747378752e-06,0
2019-11-20,9.999999747378752e-06,9.999999747378752e-06,9.999999747378752e-06,9.999999747378752e-06,9.999999747378752e-06,0
2019-11-21,9.999999747378752e-06,9.999999747378752e-06,9.999999747378752e-06,9.999999747378752e-06,9.999999747378752e-06,0
2019-11-22,9.999999747378752e-06,9.999999747378752e-06,9.999999747378752e-06,9.999999747378752e-06,9.999999747378752e-06,0
2019-11-25,9.999999747378752e-06,9.999999747378752e-06,9.999999747378752e-06,9.999999747378752e-06,9.999999747378752e-06,0
2019-11-26,9.999999747378752e-06,9.999999747378752e-06,9.999999747378752e-06,9.999999747378752e-06,9.999999747378752e-06,0
2019-11-27,9.999999747378752e-06,9.999999747378752e-06,9.999999747378752e-06,9.999999747378752e-06,9.999999747378752e-06,0
2019-11-29,9.999999747378752e-06,9.999999747378752e-06,9.999999747378752e-06,9.999999747378752e-06,9.999999747378752e-06,0
2019-12-02,9.999999747378752e-06,9.999999747378752e-06,9.999999747378752e-06,9.999999747378752e-06,9.999999747378752e-06,0
2019-12-03,9.999999747378752e-06,9.999999747378752e-06,9.999999747378752e-06,9.999999747378752e-06,9.999999747378752e-06,0
2019-12-04,9.999999747378752e-06,9.999999747378752e-06,9.999999747378752e-06,9.999999747378752e-06,9.999999747378752e-06,0
2019-12-05,9.999999747378752e-06,9.999999747378752e-06,9.999999747378752e-06,9.999999747378752e-06,9.999999747378752e-06,0
2019-12-06,9.999999747378752e-06,9.999999747378752e-06,9.999999747378752e-06,9.999999747378752e-06,9.999999747378752e-06,0
2019-12-09,9.999999747378752e-06,9.999999747378752e-06,9.999999747378752e-06,9.999999747378752e-06,9.999999747378752e-06,0
2019-12-10,9.999999747378752e-06,9.999999747378752e-06,9.999999747378752e-06,9.999999747378752e-06,9.999999747378752e-06,0
2019-12-11,9.999999747378752e-06,9.999999747378752e-06,9.999999747378752e-06,9.999999747378752e-06,9.999999747378752e-06,0
2019-12-12,9.999999747378752e-06,9.999999747378752e-06,9.999999747378752e-06,9.999999747378752e-06,9.999999747378752e-06,0
2019-12-13,9.999999747378752e-06,9.999999747378752e-06,9.999999747378752e-06,9.999999747378752e-06,9.999999747378752e-06,0
2019-12-16,9.999999747378752e-06,9.999999747378752e-06,9.999999747378752e-06,9.999999747378752e-06,9.999999747378752e-06,0
2019-12-17,9.999999747378752e-06,9.999999747378752e-06,9.999999747378752e-06,9.999999747378752e-06,9.999999747378752e-06,0
2019-12-18,9.999999747378752e-06,9.999999747378752e-06,9.999999747378752e-06,9.999999747378752e-06,9.999999747378752e-06,0
2019-12-19,9.999999747378752e-06,9.999999747378752e-06,9.999999747378752e-06,9.999999747378752e-06,9.999999747378752e-06,0
2019-12-20,9.999999747378752e-06,9.999999747378752e-06,9.999999747378752e-06,9.999999747378752e-06,9.999999747378752e-06,0
2019-12-23,9.999999747378752e-06,9.999999747378752e-06,9.999999747378752e-06,9.999999747378752e-06,9.999999747378752e-06,0
2019-12-24,9.999999747378752e-06,9.999999747378752e-06,9.999999747378752e-06,9.999999747378752e-06,9.999999747378752e-06,0
2019-12-26,9.999999747378752e-06,9.999999747378752e-06,9.999999747378752e-06,9.999999747378752e-06,9.999999747378752e-06,0
2019-12-27,9.999999747378752e-06,9.999999747378752e-06,9.999999747378752e-06,9.999999747378752e-06,9.999999747378752e-06,0
2019-12-30,9.999999747378752e-06,9.999999747378752e-06,9.999999747378752e-06,9.999999747378752e-06,9.999999747378752e-06,0
2019-12-31,9.999999747378752e-06,9.999999747378752e-06,9.999999747378752e-06,9.999999747378752e-06,9.999999747378752e-06,0
2020-01-02,9.999999747378752e-06,9.999999747378752e-06,9.999999747378752e-06,9.999999747378752e-06,9.999999747378752e-06,0
2020-01-03,9.999999747378752e-06,9.999999747378752e-06,9.999999747378752e-06,9.999999747378752e-06,9.999999747378752e-06,0
2020-01-06,9.999999747378752e-06,9.999999747378752e-06,9.999999747378752e-06,9.999999747378752e-06,9.999999747378752e-06,0
2020-01-07,9.999999747378752e-06,9.999999747378752e-06,9.999999747378752e-06,9.999999747378752e-06,9.999999747378752e-06,0
2020-01-08,9.999999747378752e-06,9.999999747378752e-06,9.999999747378752e-06,9.999999747378752e-06,9.999999747378752e-06,0
2020-01-09,9.999999747378752e-06,9.999999747378752e-06,9.999999747378752e-06,9.999999747378752e-06,9.999999747378752e-06,0
2020-01-10,9.999999747378752e-06,9.999999747378752e-06,9.999999747378752e-06,9.999999747378752e-06,9.999999747378752e-06,0
2020-01-13,9.999999747378752e-06,9.999999747378752e-06,9.999999747378752e-06,9.999999747378752e-06,9.999999747378752e-06,0
2020-01-14,9.999999747378752e-06,9.999999747378752e-06,9.999999747378752e-06,9.999999747378752e-06,9.999999747378752e-06,0
2020-01-15,9.999999747378752e-06,9.999999747378752e-06,9.999999747378752e-06,9.999999747378752e-06,9.999999747378752e-06,0
2020-01-16,9.999999747378752e-06,9.999999747378752e-06,9.999999747378752e-06,9.999999747378752e-06,9.999999747378752e-06,0
2020-01-17,9.999999747378752e-06,9.999999747378752e-06,9.999999747378752e-06,9.999999747378752e-06,9.999999747378752e-06,0
2020-01-21,9.999999747378752e-06,9.999999747378752e-06,9.999999747378752e-06,9.999999747378752e-06,9.999999747378752e-06,0
2020-01-22,9.999999747378752e-06,9.999999747378752e-06,9.999999747378752e-06,9.999999747378752e-06,9.999999747378752e-06,0
2020-01-23,9.999999747378752e-06,9.999999747378752e-06,9.999999747378752e-06,9.999999747378752e-06,9.999999747378752e-06,0
2020-01-24,9.999999747378752e-06,9.999999747378752e-06,9.999999747378752e-06,9.999999747378752e-06,9.999999747378752e-06,0
2020-01-27,9.999999747378752e-06,9.999999747378752e-06,9.999999747378752e-06,9.999999747378752e-06,9.999999747378752e-06,0
2020-01-28,9.999999747378752e-06,9.999999747378752e-06,9.999999747378752e-06,9.999999747378752e-06,9.999999747378752e-06,0
2020-01-29,9.999999747378752e-06,9.999999747378752e-06,9.999999747378752e-06,9.999999747378752e-06,9.999999747378752e-06,0
2020-01-30,9.999999747378752e-06,9.999999747378752e-06,9.999999747378752e-06,9.999999747378752e-06,9.999999747378752e-06,0
2020-01-31,9.999999747378752e-06,9.999999747378752e-06,9.999999747378752e-06,9.999999747378752e-06,9.999999747378752e-06,0
2020-02-03,9.999999747378752e-06,9.999999747378752e-06,9.999999747378752e-06,9.999999747378752e-06,9.999999747378752e-06,0
2020-02-04,9.999999747378752e-06,9.999999747378752e-06,9.999999747378752e-06,9.999999747378752e-06,9.999999747378752e-06,0
2020-02-05,9.999999747378752e-06,9.999999747378752e-06,9.999999747378752e-06,9.999999747378752e-06,9.999999747378752e-06,0
2020-02-06,9.999999747378752e-06,9.999999747378752e-06,9.999999747378752e-06,9.999999747378752e-06,9.999999747378752e-06,0
2020-02-07,9.999999747378752e-06,9.999999747378752e-06,9.999999747378752e-06,9.999999747378752e-06,9.999999747378752e-06,0
2020-02-10,9.999999747378752e-06,9.999999747378752e-06,9.999999747378752e-06,9.999999747378752e-06,9.999999747378752e-06,0
2020-02-11,9.999999747378752e-06,9.999999747378752e-06,9.999999747378752e-06,9.999999747378752e-06,9.999999747378752e-06,0
2020-02-12,9.999999747378752e-06,9.999999747378752e-06,9.999999747378752e-06,9.999999747378752e-06,9.999999747378752e-06,0
2020-02-13,9.999999747378752e-06,9.999999747378752e-06,9.999999747378752e-06,9.999999747378752e-06,9.999999747378752e-06,0
2020-02-14,9.999999747378752e-06,9.999999747378752e-06,9.999999747378752e-06,9.999999747378752e-06,9.999999747378752e-06,0
2020-02-18,9.999999747378752e-06,9.999999747378752e-06,9.999999747378752e-06,9.999999747378752e-06,9.999999747378752e-06,0
2020-02-19,9.999999747378752e-06,9.999999747378752e-06,9.999999747378752e-06,9.999999747378752e-06,9.999999747378752e-06,0
2020-02-20,9.999999747378752e-06,9.999999747378752e-06,9.999999747378752e-06,9.999999747378752e-06,9.999999747378752e-06,0
2020-02-21,9.999999747378752e-06,9.999999747378752e-06,9.999999747378752e-06,9.999999747378752e-06,9.999999747378752e-06,0
2020-02-24,9.999999747378752e-06,9.999999747378752e-06,9.999999747378752e-06,9.999999747378752e-06,9.999999747378752e-06,0
2020-02-25,9.999999747378752e-06,9.999999747378752e-06,9.999999747378752e-06,9.999999747378752e-06,9.999999747378752e-06,0
2020-02-26,9.999999747378752e-06,9.999999747378752e-06,9.999999747378752e-06,9.999999747378752e-06,9.999999747378752e-06,0
2020-02-27,0.00019999999494757503,0.00019999999494757503,0.00019999999494757503,0.00019999999494757503,0.00019999999494757503,3600
2020-02-28,0.00019999999494757503,0.00019999999494757503,0.00019999999494757503,0.00019999999494757503,0.00019999999494757503,0
2020-03-02,0.00019999999494757503,0.00019999999494757503,0.00019999999494757503,0.00019999999494757503,0.00019999999494757503,0
2020-03-03,0.00019999999494757503,0.00019999999494757503,0.00019999999494757503,0.00019999999494757503,0.00019999999494757503,0
2020-03-04,0.00019999999494757503,0.00019999999494757503,0.00019999999494757503,0.00019999999494757503,0.00019999999494757503,0
2020-03-05,0.00019999999494757503,0.00019999999494757503,0.00019999999494757503,0.00019999999494757503,0.00019999999494757503,0
2020-03-06,0.00019999999494757503,0.00019999999494757503,0.00019999999494757503,0.00019999999494757503,0.00019999999494757503,0
2020-03-09,0.00019999999494757503,0.00019999999494757503,0.00019999999494757503,0.00019999999494757503,0.00019999999494757503,0
2020-03-10,0.00019999999494757503,0.00019999999494757503,0.00019999999494757503,0.00019999999494757503,0.00019999999494757503,0
2020-03-11,0.00019999999494757503,0.00019999999494757503,0.00019999999494757503,0.00019999999494757503,0.00019999999494757503,0
2020-03-12,0.00019999999494757503,0.00019999999494757503,0.00019999999494757503,0.00019999999494757503,0.00019999999494757503,0
2020-03-13,0.00019999999494757503,0.00019999999494757503,0.00019999999494757503,0.00019999999494757503,0.00019999999494757503,0
2020-03-16,0.00019999999494757503,0.00019999999494757503,0.00019999999494757503,0.00019999999494757503,0.00019999999494757503,0
2020-03-17,0.00019999999494757503,0.00019999999494757503,0.00019999999494757503,0.00019999999494757503,0.00019999999494757503,0
2020-03-18,0.00019999999494757503,0.00019999999494757503,0.00019999999494757503,0.00019999999494757503,0.00019999999494757503,696400
2020-03-19,0.00019999999494757503,0.00019999999494757503,0.00019999999494757503,0.00019999999494757503,0.00019999999494757503,0
2020-03-20,0.00019999999494757503,0.00019999999494757503,0.00019999999494757503,0.00019999999494757503,0.00019999999494757503,0
2020-03-23,0.00019999999494757503,0.00019999999494757503,0.00019999999494757503,0.00019999999494757503,0.00019999999494757503,0
2020-03-24,0.00019999999494757503,0.00019999999494757503,0.00019999999494757503,0.00019999999494757503,0.00019999999494757503,0
2020-03-25,0.00019999999494757503,0.00019999999494757503,0.00019999999494757503,0.00019999999494757503,0.00019999999494757503,0
2020-03-26,0.00019999999494757503,0.00019999999494757503,0.00019999999494757503,0.00019999999494757503,0.00019999999494757503,0
2020-03-27,0.00019999999494757503,0.00019999999494757503,0.00019999999494757503,0.00019999999494757503,0.00019999999494757503,0
2020-03-30,0.00019999999494757503,0.00019999999494757503,0.00019999999494757503,0.00019999999494757503,0.00019999999494757503,0
2020-03-31,0.00019999999494757503,0.00019999999494757503,0.00019999999494757503,0.00019999999494757503,0.00019999999494757503,0
2020-04-01,0.00019999999494757503,0.00019999999494757503,0.00019999999494757503,0.00019999999494757503,0.00019999999494757503,0
2020-04-02,0.00019999999494757503,0.00019999999494757503,0.00019999999494757503,0.00019999999494757503,0.00019999999494757503,0
2020-04-03,0.00019999999494757503,0.00019999999494757503,0.00019999999494757503,0.00019999999494757503,0.00019999999494757503,0
2020-04-06,0.00019999999494757503,0.00019999999494757503,0.00019999999494757503,0.00019999999494757503,0.00019999999494757503,0
2020-04-07,0.00019999999494757503,0.00019999999494757503,0.00019999999494757503,0.00019999999494757503,0.00019999999494757503,0
2020-04-08,0.00019999999494757503,0.00019999999494757503,0.00019999999494757503,0.00019999999494757503,0.00019999999494757503,0
2020-04-09,0.00019999999494757503,0.00019999999494757503,0.00019999999494757503,0.00019999999494757503,0.00019999999494757503,0
2020-04-13,0.00019999999494757503,0.00019999999494757503,0.00019999999494757503,0.00019999999494757503,0.00019999999494757503,0
2020-04-14,0.00019999999494757503,0.00019999999494757503,0.00019999999494757503,0.00019999999494757503,0.00019999999494757503,0
2020-04-15,0.00019999999494757503,0.00019999999494757503,0.00019999999494757503,0.00019999999494757503,0.00019999999494757503,0
2020-04-16,0.00019999999494757503,0.00019999999494757503,0.00019999999494757503,0.00019999999494757503,0.00019999999494757503,0
2020-04-17,0.00019999999494757503,0.00019999999494757503,0.00019999999494757503,0.00019999999494757503,0.00019999999494757503,0
2020-04-20,0.00019999999494757503,0.00019999999494757503,0.00019999999494757503,0.00019999999494757503,0.00019999999494757503,0
2020-04-21,0.00019999999494757503,0.00019999999494757503,0.00019999999494757503,0.00019999999494757503,0.00019999999494757503,0
2020-04-22,0.00019999999494757503,0.00019999999494757503,0.00019999999494757503,0.00019999999494757503,0.00019999999494757503,0
2020-04-23,0.00019999999494757503,0.00019999999494757503,0.00019999999494757503,0.00019999999494757503,0.00019999999494757503,0
2020-04-24,0.00019999999494757503,0.00019999999494757503,0.00019999999494757503,0.00019999999494757503,0.00019999999494757503,0
2020-04-27,0.00019999999494757503,0.00019999999494757503,0.00019999999494757503,0.00019999999494757503,0.00019999999494757503,0
2020-04-28,9.999999747378752e-05,9.999999747378752e-05,9.999999747378752e-05,9.999999747378752e-05,9.999999747378752e-05,350000
2020-04-29,9.999999747378752e-05,9.999999747378752e-05,9.999999747378752e-05,9.999999747378752e-05,9.999999747378752e-05,0
2020-04-30,9.999999747378752e-05,9.999999747378752e-05,9.999999747378752e-05,9.999999747378752e-05,9.999999747378752e-05,0
2020-05-01,9.999999747378752e-05,9.999999747378752e-05,9.999999747378752e-05,9.999999747378752e-05,9.999999747378752e-05,0
2020-05-04,9.999999747378752e-05,9.999999747378752e-05,9.999999747378752e-05,9.999999747378752e-05,9.999999747378752e-05,0
2020-05-05,9.999999747378752e-05,9.999999747378752e-05,9.999999747378752e-05,9.999999747378752e-05,9.999999747378752e-05,0
2020-05-06,9.999999747378752e-05,9.999999747378752e-05,9.999999747378752e-05,9.999999747378752e-05,9.999999747378752e-05,0
2020-05-07,9.999999747378752e-05,9.999999747378752e-05,9.999999747378752e-05,9.999999747378752e-05,9.999999747378752e-05,0
2020-05-08,9.999999747378752e-05,9.999999747378752e-05,9.999999747378752e-05,9.999999747378752e-05,9.999999747378752e-05,0
2020-05-11,9.999999747378752e-05,9.999999747378752e-05,9.999999747378752e-05,9.999999747378752e-05,9.999999747378752e-05,0
2020-05-12,9.999999747378752e-05,9.999999747378752e-05,9.999999747378752e-05,9.999999747378752e-05,9.999999747378752e-05,0
2020-05-13,9.999999747378752e-05,9.999999747378752e-05,9.999999747378752e-05,9.999999747378752e-05,9.999999747378752e-05,141001
2020-05-14,9.999999747378752e-05,9.999999747378752e-05,9.999999747378752e-05,9.999999747378752e-05,9.999999747378752e-05,0
2020-05-15,9.999999747378752e-05,9.999999747378752e-05,9.999999747378752e-05,9.999999747378752e-05,9.999999747378752e-05,0
2020-05-18,9.999999747378752e-05,9.999999747378752e-05,9.999999747378752e-05,9.999999747378752e-05,9.999999747378752e-05,0
2020-05-19,0.00019999999494757503,0.00019999999494757503,0.00019999999494757503,0.00019999999494757503,0.00019999999494757503,20000
2020-05-20,0.00019999999494757503,0.00019999999494757503,0.00019999999494757503,0.00019999999494757503,0.00019999999494757503,0
2020-05-21,0.00019999999494757503,0.00019999999494757503,0.00019999999494757503,0.00019999999494757503,0.00019999999494757503,0
2020-05-22,0.00019999999494757503,0.00019999999494757503,0.00019999999494757503,0.00019999999494757503,0.00019999999494757503,0
2020-05-26,0.00019999999494757503,0.00019999999494757503,0.00019999999494757503,0.00019999999494757503,0.00019999999494757503,0
2020-05-27,0.00019999999494757503,0.00019999999494757503,0.00019999999494757503,0.00019999999494757503,0.00019999999494757503,0
2020-05-28,0.00019999999494757503,0.00019999999494757503,0.00019999999494757503,0.00019999999494757503,0.00019999999494757503,0
2020-05-29,0.00019999999494757503,0.00019999999494757503,0.00019999999494757503,0.00019999999494757503,0.00019999999494757503,0
2020-06-01,0.00019999999494757503,0.00019999999494757503,0.00019999999494757503,0.00019999999494757503,0.00019999999494757503,0
2020-06-02,0.00019999999494757503,0.00019999999494757503,0.00019999999494757503,0.00019999999494757503,0.00019999999494757503,0
2020-06-03,0.00019999999494757503,0.00019999999494757503,0.00019999999494757503,0.00019999999494757503,0.00019999999494757503,0
2020-06-04,0.00019999999494757503,0.00019999999494757503,0.00019999999494757503,0.00019999999494757503,0.00019999999494757503,0
2020-06-05,0.00019999999494757503,0.00019999999494757503,0.00019999999494757503,0.00019999999494757503,0.00019999999494757503,0
2020-06-08,0.00019999999494757503,0.00019999999494757503,0.00019999999494757503,0.00019999999494757503,0.00019999999494757503,0
2020-06-09,0.00019999999494757503,0.00019999999494757503,0.00019999999494757503,0.00019999999494757503,0.00019999999494757503,111500
2020-06-10,0.00019999999494757503,0.00019999999494757503,0.00019999999494757503,0.00019999999494757503,0.00019999999494757503,0
2020-06-11,0.00019999999494757503,0.00019999999494757503,0.00019999999494757503,0.00019999999494757503,0.00019999999494757503,0
2020-06-12,0.00019999999494757503,0.00019999999494757503,0.00019999999494757503,0.00019999999494757503,0.00019999999494757503,0
2020-06-15,0.00019999999494757503,0.00019999999494757503,0.00019999999494757503,0.00019999999494757503,0.00019999999494757503,0
2020-06-16,0.00019999999494757503,0.00019999999494757503,0.00019999999494757503,0.00019999999494757503,0.00019999999494757503,0
2020-06-17,0.00019999999494757503,0.00019999999494757503,0.00019999999494757503,0.00019999999494757503,0.00019999999494757503,0
2020-06-18,0.00019999999494757503,0.00019999999494757503,0.00019999999494757503,0.00019999999494757503,0.00019999999494757503,0
2020-06-19,0.00019999999494757503,0.00019999999494757503,0.00019999999494757503,0.00019999999494757503,0.00019999999494757503,0
2020-06-22,0.00019999999494757503,0.00019999999494757503,0.00019999999494757503,0.00019999999494757503,0.00019999999494757503,0
2020-06-23,0.00019999999494757503,0.00019999999494757503,0.00019999999494757503,0.00019999999494757503,0.00019999999494757503,0
2020-06-24,0.00019999999494757503,0.00019999999494757503,0.00019999999494757503,0.00019999999494757503,0.00019999999494757503,0
2020-06-25,0.00019999999494757503,0.00019999999494757503,0.00019999999494757503,0.00019999999494757503,0.00019999999494757503,0
2020-06-26,0.00019999999494757503,0.00019999999494757503,0.00019999999494757503,0.00019999999494757503,0.00019999999494757503,0
2020-06-29,0.00019999999494757503,0.00019999999494757503,0.00019999999494757503,0.00019999999494757503,0.00019999999494757503,0
2020-06-30,0.00019999999494757503,0.00019999999494757503,0.00019999999494757503,0.00019999999494757503,0.00019999999494757503,0
2020-07-01,0.00019999999494757503,0.00019999999494757503,0.00019999999494757503,0.00019999999494757503,0.00019999999494757503,0
2020-07-02,0.00019999999494757503,0.00019999999494757503,0.00019999999494757503,0.00019999999494757503,0.00019999999494757503,0
2020-07-06,0.00019999999494757503,0.00019999999494757503,0.00019999999494757503,0.00019999999494757503,0.00019999999494757503,0
2020-07-07,0.00019999999494757503,0.00019999999494757503,0.00019999999494757503,0.00019999999494757503,0.00019999999494757503,0
2020-07-08,0.00019999999494757503,0.00019999999494757503,0.00019999999494757503,0.00019999999494757503,0.00019999999494757503,0
2020-07-09,0.00019999999494757503,0.00019999999494757503,0.00019999999494757503,0.00019999999494757503,0.00019999999494757503,0
2020-07-10,0.00019999999494757503,0.00019999999494757503,0.00019999999494757503,0.00019999999494757503,0.00019999999494757503,0
2020-07-13,0.00019999999494757503,0.00019999999494757503,0.00019999999494757503,0.00019999999494757503,0.00019999999494757503,0
2020-07-14,0.00019999999494757503,0.00019999999494757503,0.00019999999494757503,0.00019999999494757503,0.00019999999494757503,0
2020-07-15,0.00019999999494757503,0.00019999999494757503,0.00019999999494757503,0.00019999999494757503,0.00019999999494757503,0
2020-07-16,0.00019999999494757503,0.00019999999494757503,0.00019999999494757503,0.00019999999494757503,0.00019999999494757503,0
2020-07-17,0.00019999999494757503,0.00019999999494757503,0.00019999999494757503,0.00019999999494757503,0.00019999999494757503,0
2020-07-20,0.00019999999494757503,0.00019999999494757503,0.00019999999494757503,0.00019999999494757503,0.00019999999494757503,0
2020-07-21,0.00019999999494757503,0.00019999999494757503,0.00019999999494757503,0.00019999999494757503,0.00019999999494757503,0
2020-07-22,0.00019999999494757503,0.00019999999494757503,0.00019999999494757503,0.00019999999494757503,0.00019999999494757503,0
2020-07-23,0.00019999999494757503,0.00019999999494757503,0.00019999999494757503,0.00019999999494757503,0.00019999999494757503,0
2020-07-24,0.00019999999494757503,0.00019999999494757503,0.00019999999494757503,0.00019999999494757503,0.00019999999494757503,0
2020-07-27,0.00019999999494757503,0.00019999999494757503,0.00019999999494757503,0.00019999999494757503,0.00019999999494757503,0
2020-07-28,0.00019999999494757503,0.00019999999494757503,0.00019999999494757503,0.00019999999494757503,0.00019999999494757503,0
2020-07-29,0.00019999999494757503,0.00019999999494757503,0.00019999999494757503,0.00019999999494757503,0.00019999999494757503,0
2020-07-30,0.00019999999494757503,0.00019999999494757503,0.00019999999494757503,0.00019999999494757503,0.00019999999494757503,0
2020-07-31,0.00019999999494757503,0.00019999999494757503,0.00019999999494757503,0.00019999999494757503,0.00019999999494757503,0
2020-08-03,0.00019999999494757503,0.00019999999494757503,0.00019999999494757503,0.00019999999494757503,0.00019999999494757503,0
2020-08-04,0.00019999999494757503,0.00019999999494757503,0.00019999999494757503,0.00019999999494757503,0.00019999999494757503,0
2020-08-05,0.00019999999494757503,0.00019999999494757503,0.00019999999494757503,0.00019999999494757503,0.00019999999494757503,0
2020-08-06,0.00019999999494757503,0.00019999999494757503,0.00019999999494757503,0.00019999999494757503,0.00019999999494757503,0
2020-08-07,0.00019999999494757503,0.00019999999494757503,0.00019999999494757503,0.00019999999494757503,0.00019999999494757503,0
2020-08-10,0.00019999999494757503,0.00019999999494757503,0.00019999999494757503,0.00019999999494757503,0.00019999999494757503,0
2020-08-11,0.00019999999494757503,0.00019999999494757503,0.00019999999494757503,0.00019999999494757503,0.00019999999494757503,0
2020-08-12,0.00019999999494757503,0.00019999999494757503,0.00019999999494757503,0.00019999999494757503,0.00019999999494757503,0
2020-08-13,0.00019999999494757503,0.00019999999494757503,0.00019999999494757503,0.00019999999494757503,0.00019999999494757503,0
2020-08-14,0.00019999999494757503,0.00019999999494757503,0.00019999999494757503,0.00019999999494757503,0.00019999999494757503,0
2020-08-17,0.00019999999494757503,0.00019999999494757503,0.00019999999494757503,0.00019999999494757503,0.00019999999494757503,0
2020-08-18,0.00019999999494757503,0.00019999999494757503,0.00019999999494757503,0.00019999999494757503,0.00019999999494757503,0
2020-08-19,0.00019999999494757503,0.00019999999494757503,0.00019999999494757503,0.00019999999494757503,0.00019999999494757503,0
2020-08-20,0.00019999999494757503,0.00019999999494757503,0.00019999999494757503,0.00019999999494757503,0.00019999999494757503,0
2020-08-21,0.00019999999494757503,0.00019999999494757503,0.00019999999494757503,0.00019999999494757503,0.00019999999494757503,0
2020-08-24,0.00019999999494757503,0.00019999999494757503,0.00019999999494757503,0.00019999999494757503,0.00019999999494757503,0
2020-08-25,0.00019999999494757503,0.00019999999494757503,0.00019999999494757503,0.00019999999494757503,0.00019999999494757503,0
2020-08-26,0.00019999999494757503,0.00019999999494757503,0.00019999999494757503,0.00019999999494757503,0.00019999999494757503,0
2020-08-27,0.00019999999494757503,0.00019999999494757503,0.00019999999494757503,0.00019999999494757503,0.00019999999494757503,0
2020-08-28,0.00019999999494757503,0.00019999999494757503,0.00019999999494757503,0.00019999999494757503,0.00019999999494757503,0
2020-08-31,0.00019999999494757503,0.00019999999494757503,0.00019999999494757503,0.00019999999494757503,0.00019999999494757503,0
2020-09-01,0.00019999999494757503,0.00019999999494757503,0.00019999999494757503,0.00019999999494757503,0.00019999999494757503,0
2020-09-02,0.00019999999494757503,0.00019999999494757503,0.00019999999494757503,0.00019999999494757503,0.00019999999494757503,0
2020-09-03,0.00019999999494757503,0.00019999999494757503,0.00019999999494757503,0.00019999999494757503,0.00019999999494757503,0
2020-09-04,0.00019999999494757503,0.00019999999494757503,0.00019999999494757503,0.00019999999494757503,0.00019999999494757503,0
2020-09-08,0.00019999999494757503,0.00019999999494757503,0.00019999999494757503,0.00019999999494757503,0.00019999999494757503,0
2020-09-09,0.00019999999494757503,0.00019999999494757503,0.00019999999494757503,0.00019999999494757503,0.00019999999494757503,0
2020-09-10,0.00019999999494757503,0.00019999999494757503,0.00019999999494757503,0.00019999999494757503,0.00019999999494757503,0
2020-09-11,0.00019999999494757503,0.00019999999494757503,0.00019999999494757503,0.00019999999494757503,0.00019999999494757503,0
2020-09-14,0.00019999999494757503,0.00019999999494757503,0.00019999999494757503,0.00019999999494757503,0.00019999999494757503,0
2020-09-15,0.00019999999494757503,0.00019999999494757503,0.00019999999494757503,0.00019999999494757503,0.00019999999494757503,0
2020-09-16,0.00019999999494757503,0.00019999999494757503,0.00019999999494757503,0.00019999999494757503,0.00019999999494757503,0
2020-09-17,0.00019999999494757503,0.00019999999494757503,0.00019999999494757503,0.00019999999494757503,0.00019999999494757503,0
2020-09-21,0.00019999999494757503,0.00019999999494757503,0.00019999999494757503,0.00019999999494757503,0.00019999999494757503,0
2020-09-22,0.00019999999494757503,0.00019999999494757503,0.00019999999494757503,0.00019999999494757503,0.00019999999494757503,0
2020-09-23,0.00019999999494757503,0.00019999999494757503,0.00019999999494757503,0.00019999999494757503,0.00019999999494757503,0
2020-09-24,0.00019999999494757503,0.00019999999494757503,0.00019999999494757503,0.00019999999494757503,0.00019999999494757503,0
2020-09-25,0.00019999999494757503,0.00019999999494757503,0.00019999999494757503,0.00019999999494757503,0.00019999999494757503,0
2020-09-28,0.00019999999494757503,0.00019999999494757503,0.00019999999494757503,0.00019999999494757503,0.00019999999494757503,0
2020-09-29,0.00019999999494757503,0.00019999999494757503,0.00019999999494757503,0.00019999999494757503,0.00019999999494757503,0
2020-09-30,0.00019999999494757503,0.00019999999494757503,0.00019999999494757503,0.00019999999494757503,0.00019999999494757503,0
2020-10-01,0.00019999999494757503,0.00019999999494757503,0.00019999999494757503,0.00019999999494757503,0.00019999999494757503,0
2020-10-02,9.999999747378752e-05,0.00019999999494757503,9.999999747378752e-05,0.00019999999494757503,0.00019999999494757503,101000
2020-10-05,0.00019999999494757503,0.00019999999494757503,0.00019999999494757503,0.00019999999494757503,0.00019999999494757503,0
2020-10-06,0.00019999999494757503,0.00019999999494757503,0.00019999999494757503,0.00019999999494757503,0.00019999999494757503,0
2020-10-07,0.00019999999494757503,0.00019999999494757503,0.00019999999494757503,0.00019999999494757503,0.00019999999494757503,0
2020-10-08,0.00019999999494757503,0.00019999999494757503,0.00019999999494757503,0.00019999999494757503,0.00019999999494757503,0
2020-10-09,0.00019999999494757503,0.00019999999494757503,0.00019999999494757503,0.00019999999494757503,0.00019999999494757503,0
2020-10-12,0.00019999999494757503,0.00019999999494757503,0.00019999999494757503,0.00019999999494757503,0.00019999999494757503,0
2020-10-13,0.00019999999494757503,0.00019999999494757503,0.00019999999494757503,0.00019999999494757503,0.00019999999494757503,100000
2020-10-14,0.009999999776482582,0.014999999664723873,0.0020000000949949026,0.006500000134110451,0.006500000134110451,6028804
2020-10-15,0.006599999964237213,0.006599999964237213,0.003000000026077032,0.004999999888241291,0.004999999888241291,1290059
2020-10-16,0.003700000001117587,0.006300000008195639,0.003700000001117587,0.003700000001117587,0.003700000001117587,182500
2020-10-19,0.005499999970197678,0.009999999776482582,0.004999999888241291,0.006000000052154064,0.006000000052154064,1984604
2020-10-20,0.005100000184029341,0.008999999612569809,0.004100000020116568,0.008999999612569809,0.008999999612569809,468477
2020-10-21,0.008500000461935997,0.008999999612569809,0.00430000014603138,0.00430000014603138,0.00430000014603138,419300
2020-10-22,0.004999999888241291,0.005200000014156103,0.003700000001117587,0.003800000064074993,0.003800000064074993,1232996
2020-10-23,0.003800000064074993,0.003800000064074993,0.003800000064074993,0.003800000064074993,0.003800000064074993,0
2020-10-26,0.0035000001080334187,0.0035000001080334187,0.0035000001080334187,0.0035000001080334187,0.0035000001080334187,121150
2020-10-27,0.0035000001080334187,0.00800000037997961,0.0035000001080334187,0.007000000216066837,0.007000000216066837,347350
2020-10-28,0.004100000020116568,0.004100000020116568,0.004100000020116568,0.004100000020116568,0.004100000020116568,175000
2020-10-29,0.0044999998062849045,0.0044999998062849045,0.0044999998062849045,0.0044999998062849045,0.0044999998062849045,44500
2020-10-30,0.0035000001080334187,0.0035000001080334187,0.0035000001080334187,0.0035000001080334187,0.0035000001080334187,20000
2020-11-02,0.0035000001080334187,0.0035000001080334187,0.0035000001080334187,0.0035000001080334187,0.0035000001080334187,10000
2020-11-03,0.0035000001080334187,0.0035000001080334187,0.0035000001080334187,0.0035000001080334187,0.0035000001080334187,0
2020-11-04,0.0035000001080334187,0.0035000001080334187,0.0035000001080334187,0.0035000001080334187,0.0035000001080334187,0
2020-11-05,0.004900000058114529,0.004900000058114529,0.004900000058114529,0.004900000058114529,0.004900000058114529,45800
2020-11-06,0.004900000058114529,0.004900000058114529,0.004900000058114529,0.004900000058114529,0.004900000058114529,0
2020-11-09,0.0024999999441206455,0.0024999999441206455,0.0024999999441206455,0.0024999999441206455,0.0024999999441206455,38999
2020-11-10,0.0024999999441206455,0.0024999999441206455,0.0024999999441206455,0.0024999999441206455,0.0024999999441206455,0
2020-11-11,0.0026000000070780516,0.0026000000070780516,0.0026000000070780516,0.0026000000070780516,0.0026000000070780516,40000
2020-11-12,0.004000000189989805,0.004000000189989805,0.004000000189989805,0.004000000189989805,0.004000000189989805,409200
2020-11-13,0.004000000189989805,0.004000000189989805,0.004000000189989805,0.004000000189989805,0.004000000189989805,0
2020-11-16,0.0044999998062849045,0.005499999970197678,0.0026000000070780516,0.0026000000070780516,0.0026000000070780516,180000
2020-11-17,0.0026000000070780516,0.0026000000070780516,0.0026000000070780516,0.0026000000070780516,0.0026000000070780516,15000
2020-11-18,0.0035000001080334187,0.0035000001080334187,0.0035000001080334187,0.0035000001080334187,0.0035000001080334187,5000
2020-11-19,0.0035000001080334187,0.0035000001080334187,0.0035000001080334187,0.0035000001080334187,0.0035000001080334187,25000
2020-11-20,0.0035000001080334187,0.0035000001080334187,0.0035000001080334187,0.0035000001080334187,0.0035000001080334187,165000
2020-11-23,0.0035000001080334187,0.004999999888241291,0.0035000001080334187,0.004999999888241291,0.004999999888241291,51000
2020-11-24,0.00570000009611249,0.006000000052154064,0.00570000009611249,0.006000000052154064,0.006000000052154064,110000
2020-11-25,0.007000000216066837,0.008899999782443047,0.007000000216066837,0.008899999782443047,0.008899999782443047,30500
2020-11-27,0.008899999782443047,0.008899999782443047,0.008899999782443047,0.008899999782443047,0.008899999782443047,0
2020-11-30,0.002099999925121665,0.008899999782443047,0.002099999925121665,0.008899999782443047,0.008899999782443047,74000
2020-12-01,0.008899999782443047,0.008899999782443047,0.008899999782443047,0.008899999782443047,0.008899999782443047,0
2020-12-02,0.002099999925121665,0.002099999925121665,0.002099999925121665,0.002099999925121665,0.002099999925121665,2000
2020-12-03,0.002199999988079071,0.002300000051036477,0.002199999988079071,0.002300000051036477,0.002300000051036477,8000
2020-12-04,0.002300000051036477,0.002300000051036477,0.002300000051036477,0.002300000051036477,0.002300000051036477,0
2020-12-07,0.002300000051036477,0.002300000051036477,0.002300000051036477,0.002300000051036477,0.002300000051036477,0
2020-12-08,0.002300000051036477,0.002300000051036477,0.002300000051036477,0.002300000051036477,0.002300000051036477,0
2020-12-09,0.003000000026077032,0.003000000026077032,0.003000000026077032,0.003000000026077032,0.003000000026077032,50000
2020-12-10,0.003800000064074993,0.003800000064074993,0.003800000064074993,0.003800000064074993,0.003800000064074993,115000
2020-12-11,0.003800000064074993,0.003800000064074993,0.003800000064074993,0.003800000064074993,0.003800000064074993,15000
2020-12-14,0.003800000064074993,0.003800000064074993,0.003800000064074993,0.003800000064074993,0.003800000064074993,0
2020-12-15,0.013500000350177288,0.013500000350177288,0.004999999888241291,0.004999999888241291,0.004999999888241291,24800
2020-12-16,0.0044999998062849045,0.012799999676644802,0.0044999998062849045,0.012799999676644802,0.012799999676644802,36000
2020-12-17,0.0030499999411404133,0.012799999676644802,0.0030499999411404133,0.012799999676644802,0.012799999676644802,59000
2020-12-18,0.007899999618530273,0.010999999940395355,0.006500000134110451,0.006500000134110451,0.006500000134110451,190000
2020-12-21,0.010999999940395355,0.012500000186264515,0.009999999776482582,0.010099999606609344,0.010099999606609344,591200
2020-12-22,0.009999999776482582,0.03449999913573265,0.009999999776482582,0.014999999664723873,0.014999999664723873,693232
2020-12-23,0.0348999984562397,0.0348999984562397,0.010700000450015068,0.010700000450015068,0.010700000450015068,62678
2020-12-24,0.010999999940395355,0.010999999940395355,0.010999999940395355,0.010999999940395355,0.010999999940395355,36500
2020-12-28,0.010999999940395355,0.010999999940395355,0.010999999940395355,0.010999999940395355,0.010999999940395355,15000
2020-12-29,0.011500000022351742,0.011500000022351742,0.011500000022351742,0.011500000022351742,0.011500000022351742,20526
2020-12-30,0.011500000022351742,0.011500000022351742,0.011500000022351742,0.011500000022351742,0.011500000022351742,60000
2020-12-31,0.011500000022351742,0.011500000022351742,0.011500000022351742,0.011500000022351742,0.011500000022351742,0
2021-01-04,0.010999999940395355,0.010999999940395355,0.010999999940395355,0.010999999940395355,0.010999999940395355,18000
2021-01-05,0.011500000022351742,0.011500000022351742,0.010999999940395355,0.010999999940395355,0.010999999940395355,110000
2021-01-06,0.010999999940395355,0.010999999940395355,0.010999999940395355,0.010999999940395355,0.010999999940395355,0
2021-01-07,0.010999999940395355,0.010999999940395355,0.010999999940395355,0.010999999940395355,0.010999999940395355,0
2021-01-08,0.010999999940395355,0.010999999940395355,0.010999999940395355,0.010999999940395355,0.010999999940395355,0
2021-01-11,0.013000000268220901,0.014999999664723873,0.013000000268220901,0.014999999664723873,0.014999999664723873,55000
2021-01-12,0.014999999664723873,0.014999999664723873,0.014999999664723873,0.014999999664723873,0.014999999664723873,0
2021-01-13,0.010999999940395355,0.012000000104308128,0.010999999940395355,0.012000000104308128,0.012000000104308128,224500
2021-01-14,0.012000000104308128,0.012000000104308128,0.012000000104308128,0.012000000104308128,0.012000000104308128,0
2021-01-15,0.012000000104308128,0.012000000104308128,0.012000000104308128,0.012000000104308128,0.012000000104308128,0
2021-01-19,0.010999999940395355,0.012500000186264515,0.010999999940395355,0.012500000186264515,0.012500000186264515,71764
2021-01-20,0.012500000186264515,0.012500000186264515,0.012500000186264515,0.012500000186264515,0.012500000186264515,0
2021-01-21,0.02500000037252903,0.02500000037252903,0.012600000016391277,0.012600000016391277,0.012600000016391277,14500
2021-01-22,0.012600000016391277,0.012600000016391277,0.012600000016391277,0.012600000016391277,0.012600000016391277,0
2021-01-25,0.012600000016391277,0.012600000016391277,0.012600000016391277,0.012600000016391277,0.012600000016391277,0
2021-01-26,0.013000000268220901,0.02500000037252903,0.013000000268220901,0.024000000208616257,0.024000000208616257,71000
2021-01-27,0.02500000037252903,0.03200000151991844,0.014000000432133675,0.014000000432133675,0.014000000432133675,198164
2021-01-28,0.014000000432133675,0.014000000432133675,0.014000000432133675,0.014000000432133675,0.014000000432133675,0
2021-01-29,0.013100000098347664,0.013100000098347664,0.013100000098347664,0.013100000098347664,0.013100000098347664,4500
2021-02-01,0.013100000098347664,0.013100000098347664,0.013100000098347664,0.013100000098347664,0.013100000098347664,300
2021-02-02,0.01899999938905239,0.03200000151991844,0.01899999938905239,0.03200000151991844,0.03200000151991844,167100
2021-02-03,0.029899999499320984,0.03200000151991844,0.020999999716877937,0.03200000151991844,0.03200000151991844,198900
2021-02-04,0.03200000151991844,0.03200000151991844,0.03099999949336052,0.03099999949336052,0.03099999949336052,101000
2021-02-05,0.029999999329447746,0.032999999821186066,0.029999999329447746,0.032999999821186066,0.032999999821186066,87900
