Date,Open,High,Low,Close,Adj Close,Volume
2019-06-03,1.4199999570846558,1.5499999523162842,1.4199999570846558,1.4700000286102295,1.4700000286102295,264700
2019-06-04,1.4500000476837158,1.526900053024292,1.4500000476837158,1.4800000190734863,1.4800000190734863,63300
2019-06-05,1.5245000123977661,1.5700000524520874,1.5017999410629272,1.5099999904632568,1.5099999904632568,59100
2019-06-06,1.5119999647140503,1.5149999856948853,1.4600000381469727,1.4600000381469727,1.4600000381469727,60100
2019-06-07,1.659999966621399,1.6799999475479126,1.4842000007629395,1.5089999437332153,1.5089999437332153,242500
2019-06-10,1.513800024986267,1.5282000303268433,1.434999942779541,1.468000054359436,1.468000054359436,103200
2019-06-11,1.4900000095367432,1.4900000095367432,1.4474999904632568,1.4500000476837158,1.4500000476837158,46500
2019-06-12,1.5399999618530273,1.5499999523162842,1.4763000011444092,1.5399999618530273,1.5399999618530273,56300
2019-06-13,1.5597000122070312,1.5700000524520874,1.5099999904632568,1.5199999809265137,1.5199999809265137,40700
2019-06-14,1.5326999425888062,1.565000057220459,1.5049999952316284,1.5399999618530273,1.5399999618530273,108000
2019-06-17,1.5399999618530273,1.6649999618530273,1.5399999618530273,1.659999966621399,1.659999966621399,74100
2019-06-18,1.6690000295639038,1.7699999809265137,1.659999966621399,1.7000000476837158,1.7000000476837158,129600
2019-06-19,1.6950000524520874,1.7999999523162842,1.6799999475479126,1.7525999546051025,1.7525999546051025,82100
2019-06-20,1.850000023841858,1.9500000476837158,1.8300000429153442,1.8700000047683716,1.8700000047683716,174500
2019-06-21,1.864799976348877,1.9329999685287476,1.7599999904632568,1.9329999685287476,1.9329999685287476,103300
2019-06-24,1.836300015449524,1.9147000312805176,1.7899999618530273,1.868899941444397,1.868899941444397,169800
2019-06-25,1.9199999570846558,1.9199999570846558,1.7100000381469727,1.7200000286102295,1.7200000286102295,109300
2019-06-26,1.7899999618530273,1.7989000082015991,1.7000000476837158,1.7599999904632568,1.7599999904632568,60700
2019-06-27,1.761199951171875,1.761199951171875,1.7000000476837158,1.7000000476837158,1.7000000476837158,71500
2019-06-28,1.7200000286102295,1.7400000095367432,1.6200000047683716,1.6200000047683716,1.6200000047683716,114500
2019-07-01,1.75,1.75,1.5,1.6299999952316284,1.6299999952316284,198700
2019-07-02,1.6699999570846558,1.7000000476837158,1.6399999856948853,1.6799999475479126,1.6799999475479126,180900
2019-07-03,1.7100000381469727,1.7100000381469727,1.6649999618530273,1.6799999475479126,1.6799999475479126,25600
2019-07-05,1.617400050163269,1.659999966621399,1.5499999523162842,1.6449999809265137,1.6449999809265137,84900
2019-07-08,1.6299999952316284,1.715000033378601,1.600000023841858,1.600000023841858,1.600000023841858,76900
2019-07-09,1.7000000476837158,1.7000000476837158,1.6100000143051147,1.6200000047683716,1.6200000047683716,51800
2019-07-10,1.6299999952316284,1.6799999475479126,1.600000023841858,1.6799999475479126,1.6799999475479126,86600
2019-07-11,1.7200000286102295,1.7300000190734863,1.7000000476837158,1.7100000381469727,1.7100000381469727,53400
2019-07-12,1.7400000095367432,1.7799999713897705,1.659999966621399,1.7799999713897705,1.7799999713897705,61400
2019-07-15,1.7899999618530273,1.7899999618530273,1.6790000200271606,1.7000000476837158,1.7000000476837158,117600
2019-07-16,1.7100000381469727,1.7200000286102295,1.659999966621399,1.6649999618530273,1.6649999618530273,65400
2019-07-17,1.6799999475479126,1.8700000047683716,1.6699999570846558,1.850000023841858,1.850000023841858,174000
2019-07-18,1.8600000143051147,1.909999966621399,1.7699999809265137,1.8202999830245972,1.8202999830245972,218300
2019-07-19,1.7899999618530273,1.9500000476837158,1.7899999618530273,1.9299999475479126,1.9299999475479126,210400
2019-07-22,1.909600019454956,2.0399999618530273,1.8550000190734863,2.0299999713897705,2.0299999713897705,161300
2019-07-23,2.059999942779541,2.109999895095825,1.9199999570846558,1.9279999732971191,1.9279999732971191,136400
2019-07-24,1.9500000476837158,2.0546998977661133,1.9003000259399414,1.9800000190734863,1.9800000190734863,60500
2019-07-25,2.009999990463257,2.009999990463257,1.830299973487854,1.850000023841858,1.850000023841858,108300
2019-07-26,1.8650000095367432,1.899999976158142,1.8375999927520752,1.8698999881744385,1.8698999881744385,51800
2019-07-29,1.875,1.9249999523162842,1.8300000429153442,1.9199999570846558,1.9199999570846558,122000
2019-07-30,1.909999966621399,1.9450000524520874,1.8700000047683716,1.8899999856948853,1.8899999856948853,75900
2019-07-31,1.8809000253677368,1.899999976158142,1.6679999828338623,1.6679999828338623,1.6679999828338623,92200
2019-08-01,1.6549999713897705,1.7899999618530273,1.649999976158142,1.7799999713897705,1.7799999713897705,88000
2019-08-02,1.7999999523162842,1.8055000305175781,1.7300000190734863,1.7699999809265137,1.7699999809265137,97800
2019-08-05,1.850000023841858,1.9299999475479126,1.649999976158142,1.8300000429153442,1.8300000429153442,158800
2019-08-06,1.8310999870300293,1.8310999870300293,1.7699999809265137,1.7899999618530273,1.7899999618530273,37000
2019-08-07,1.815000057220459,1.840000033378601,1.7799999713897705,1.840000033378601,1.840000033378601,100400
2019-08-08,1.8300000429153442,1.840000033378601,1.7899999618530273,1.8300000429153442,1.8300000429153442,56600
2019-08-09,1.8300000429153442,1.8300000429153442,1.7965999841690063,1.7999999523162842,1.7999999523162842,94000
2019-08-12,1.815000057220459,1.8600000143051147,1.7899999618530273,1.7999999523162842,1.7999999523162842,145400
2019-08-13,1.809999942779541,1.8200000524520874,1.7239999771118164,1.7899999618530273,1.7899999618530273,163400
2019-08-14,1.7899999618530273,1.7899999618530273,1.690000057220459,1.7050000429153442,1.7050000429153442,378700
2019-08-15,1.690000057220459,1.7246999740600586,1.643399953842163,1.690000057220459,1.690000057220459,184100
2019-08-16,1.7000000476837158,1.7300000190734863,1.6461000442504883,1.7000000476837158,1.7000000476837158,195200
2019-08-19,1.670199990272522,1.7000000476837158,1.649399995803833,1.6699999570846558,1.6699999570846558,110000
2019-08-20,1.704200029373169,1.704200029373169,1.6545000076293945,1.6970000267028809,1.6970000267028809,70300
2019-08-21,1.7200000286102295,1.75600004196167,1.6699999570846558,1.7400000095367432,1.7400000095367432,111700
2019-08-22,1.7497999668121338,1.940000057220459,1.7316999435424805,1.7699999809265137,1.7699999809265137,360000
2019-08-23,1.8335000276565552,1.937999963760376,1.8200000524520874,1.8899999856948853,1.8899999856948853,287400
2019-08-26,1.899999976158142,1.909999966621399,1.850000023841858,1.8700000047683716,1.8700000047683716,143300
2019-08-27,1.8954999446868896,1.909999966621399,1.8437000513076782,1.899999976158142,1.899999976158142,169600
2019-08-28,1.8899999856948853,1.899999976158142,1.7999999523162842,1.840000033378601,1.840000033378601,77900
2019-08-29,1.840000033378601,1.8844000101089478,1.7510000467300415,1.7812999486923218,1.7812999486923218,80200
2019-08-30,1.7799999713897705,1.7999999523162842,1.7200000286102295,1.7350000143051147,1.7350000143051147,72300
2019-09-03,1.7300000190734863,1.7699999809265137,1.690000057220459,1.7050000429153442,1.7050000429153442,164900
2019-09-04,1.7558000087738037,1.8600000143051147,1.7400000095367432,1.8200000524520874,1.8200000524520874,81800
2019-09-05,1.868399977684021,1.8799999952316284,1.7200000286102295,1.809999942779541,1.809999942779541,156000
2019-09-06,1.8700000047683716,1.8700000047683716,1.75,1.7899999618530273,1.7899999618530273,80200
2019-09-09,1.7799999713897705,1.8086999654769897,1.7400000095367432,1.7699999809265137,1.7699999809265137,48900
2019-09-10,1.7400000095367432,1.8049999475479126,1.7400000095367432,1.7999999523162842,1.7999999523162842,71900
2019-09-11,1.8300000429153442,1.8700000047683716,1.7960000038146973,1.8600000143051147,1.8600000143051147,77100
2019-09-12,1.8250999450683594,1.840000033378601,1.7799999713897705,1.7799999713897705,1.7799999713897705,44000
2019-09-13,1.7799999713897705,1.840000033378601,1.7100000381469727,1.7100000381469727,1.7100000381469727,117600
2019-09-16,1.725000023841858,1.7661000490188599,1.6799999475479126,1.6799999475479126,1.6799999475479126,97400
2019-09-17,1.7128000259399414,1.7128000259399414,1.6200000047683716,1.659999966621399,1.659999966621399,137800
2019-09-18,1.7065999507904053,1.7100000381469727,1.6200000047683716,1.6200000047683716,1.6200000047683716,75600
2019-09-19,1.6124999523162842,1.850000023841858,1.6124999523162842,1.7200000286102295,1.7200000286102295,185900
2019-09-20,1.7551000118255615,1.8667000532150269,1.7300000190734863,1.7799999713897705,1.7799999713897705,146100
2019-09-23,1.8550000190734863,1.909999966621399,1.763800024986267,1.8899999856948853,1.8899999856948853,130600
2019-09-24,1.850000023841858,1.8960000276565552,1.850000023841858,1.8799999952316284,1.8799999952316284,58800
2019-09-25,1.8870999813079834,1.8895000219345093,1.7999999523162842,1.8600000143051147,1.8600000143051147,40000
2019-09-26,1.840000033378601,1.840000033378601,1.7400000095367432,1.7726000547409058,1.7726000547409058,196700
2019-09-27,1.7400000095367432,1.850000023841858,1.7300000190734863,1.819000005722046,1.819000005722046,57600
2019-09-30,1.7200000286102295,1.7899999618530273,1.7100000381469727,1.768399953842163,1.768399953842163,114500
2019-10-01,1.75,1.7999999523162842,1.75,1.7999999523162842,1.7999999523162842,51100
2019-10-02,1.8200000524520874,1.850000023841858,1.8007999658584595,1.809999942779541,1.809999942779541,77300
2019-10-03,1.840000033378601,1.8899999856948853,1.8300000429153442,1.8600000143051147,1.8600000143051147,100300
2019-10-04,1.899999976158142,1.899999976158142,1.850000023841858,1.8700000047683716,1.8700000047683716,27600
2019-10-07,1.8631999492645264,1.8854999542236328,1.850000023841858,1.8733999729156494,1.8733999729156494,40000
2019-10-08,1.868499994277954,1.8799999952316284,1.7899999618530273,1.8600000143051147,1.8600000143051147,99100
2019-10-09,1.8799999952316284,1.8799999952316284,1.850000023841858,1.8600000143051147,1.8600000143051147,44000
2019-10-10,1.8854999542236328,1.9175000190734863,1.8450000286102295,1.8899999856948853,1.8899999856948853,39800
2019-10-11,1.909999966621399,1.916599988937378,1.8949999809265137,1.909999966621399,1.909999966621399,16700
2019-10-14,1.8799999952316284,1.8799999952316284,1.850000023841858,1.8600000143051147,1.8600000143051147,22500
2019-10-15,1.809999942779541,1.8660000562667847,1.809999942779541,1.8660000562667847,1.8660000562667847,41800
2019-10-16,1.8600000143051147,1.9032000303268433,1.8600000143051147,1.9032000303268433,1.9032000303268433,34700
2019-10-17,1.899999976158142,2.160599946975708,1.899999976158142,2.160599946975708,2.160599946975708,146800
2019-10-18,2.1542000770568848,2.180000066757202,2.049999952316284,2.125,2.125,71900
2019-10-21,2.139400005340576,2.369999885559082,2.132699966430664,2.2699999809265137,2.2699999809265137,156400
2019-10-22,2.2699999809265137,2.3441998958587646,2.2100000381469727,2.2799999713897705,2.2799999713897705,116900
2019-10-23,2.240000009536743,2.2699999809265137,2.109999895095825,2.140000104904175,2.140000104904175,110100
2019-10-24,2.200000047683716,2.259999990463257,2.0999999046325684,2.2100000381469727,2.2100000381469727,88800
2019-10-25,2.240000009536743,2.240000009536743,2.180000066757202,2.190000057220459,2.190000057220459,37900
2019-10-28,2.2100000381469727,2.25,2.190000057220459,2.2100000381469727,2.2100000381469727,33800
2019-10-29,2.180000066757202,2.3399999141693115,2.1600000858306885,2.2100000381469727,2.2100000381469727,72600
2019-10-30,2.2100000381469727,2.2699999809265137,1.9800000190734863,2.0360000133514404,2.0360000133514404,104400
2019-10-31,2.0299999713897705,2.0999999046325684,1.9704999923706055,1.9982999563217163,1.9982999563217163,144100
2019-11-01,1.9600000381469727,2.049999952316284,1.8746000528335571,2.0299999713897705,2.0299999713897705,205600
2019-11-04,2.0250000953674316,2.120300054550171,2.0199999809265137,2.119999885559082,2.119999885559082,44200
2019-11-05,2.069999933242798,2.190000057220459,2.0299999713897705,2.059999942779541,2.059999942779541,115900
2019-11-06,2.0399999618530273,2.077500104904175,1.9600000381469727,1.988700032234192,1.988700032234192,85500
2019-11-07,1.9900000095367432,2.0399999618530273,1.9800000190734863,2.0199999809265137,2.0199999809265137,43400
2019-11-08,2.0,2.1500000953674316,2.0,2.13100004196167,2.13100004196167,88600
2019-11-11,2.140000104904175,2.140000104904175,2.0471999645233154,2.059999942779541,2.059999942779541,50400
2019-11-12,2.049999952316284,2.140000104904175,2.0299999713897705,2.109999895095825,2.109999895095825,42500
2019-11-13,2.130000114440918,2.1305999755859375,1.9967000484466553,2.0439000129699707,2.0439000129699707,58800
2019-11-14,2.069700002670288,2.069700002670288,1.9900000095367432,2.009999990463257,2.009999990463257,64200
2019-11-15,2.0,2.0271999835968018,1.9900000095367432,2.009999990463257,2.009999990463257,41000
2019-11-18,2.049999952316284,2.109999895095825,1.9765000343322754,2.059999942779541,2.059999942779541,106400
2019-11-19,2.0899999141693115,2.1498000621795654,2.0199999809265137,2.0199999809265137,2.0199999809265137,143900
2019-11-20,2.049999952316284,2.049999952316284,1.9950000047683716,2.0399999618530273,2.0399999618530273,87700
2019-11-21,2.036799907684326,2.1700000762939453,2.036799907684326,2.1700000762939453,2.1700000762939453,142900
2019-11-22,2.2100000381469727,2.4000000953674316,2.190000057220459,2.4000000953674316,2.4000000953674316,334700
2019-11-25,2.430000066757202,2.619999885559082,2.3499999046325684,2.4600000381469727,2.4600000381469727,379000
2019-11-26,2.4814000129699707,2.740000009536743,2.4200000762939453,2.6500000953674316,2.6500000953674316,295700
2019-11-27,2.6700000762939453,2.6700000762939453,2.5199999809265137,2.5899999141693115,2.5899999141693115,137600
2019-11-29,2.430000066757202,2.5399999618530273,2.4100000858306885,2.5199999809265137,2.5199999809265137,110500
2019-12-02,2.509999990463257,2.7699999809265137,2.430500030517578,2.7100000381469727,2.7100000381469727,197500
2019-12-03,2.799999952316284,2.9600000381469727,2.75,2.930000066757202,2.930000066757202,357700
2019-12-04,2.9509999752044678,2.9509999752044678,2.7699999809265137,2.8057000637054443,2.8057000637054443,223200
2019-12-05,2.75,2.950000047683716,2.75,2.7699999809265137,2.7699999809265137,130900
2019-12-06,2.75,2.7699999809265137,2.6500000953674316,2.7100000381469727,2.7100000381469727,193500
2019-12-09,2.75,2.8299999237060547,2.7125000953674316,2.799999952316284,2.799999952316284,145100
2019-12-10,2.75,2.9600000381469727,2.75,2.9100000858306885,2.9100000858306885,102700
2019-12-11,2.9398999214172363,2.940000057220459,2.8299999237060547,2.9000000953674316,2.9000000953674316,199500
2019-12-12,2.890000104904175,2.890000104904175,2.759999990463257,2.805000066757202,2.805000066757202,129200
2019-12-13,2.757499933242798,2.759999990463257,2.6031999588012695,2.7100000381469727,2.7100000381469727,167100
2019-12-16,2.7437000274658203,2.8299999237060547,2.690000057220459,2.75,2.75,129600
2019-12-17,2.71560001373291,2.8399999141693115,2.6928000450134277,2.7202999591827393,2.7202999591827393,138400
2019-12-18,2.739000082015991,2.7699999809265137,2.700000047683716,2.7300000190734863,2.7300000190734863,75800
2019-12-19,2.7699999809265137,2.8155999183654785,2.6756999492645264,2.8155999183654785,2.8155999183654785,69600
2019-12-20,2.805999994277954,2.9200000762939453,2.700000047683716,2.880000114440918,2.880000114440918,134700
2019-12-23,2.9200000762939453,2.929500102996826,2.7899999618530273,2.880000114440918,2.880000114440918,136000
2019-12-24,2.8917999267578125,2.940000057220459,2.809999942779541,2.8949999809265137,2.8949999809265137,46700
2019-12-26,2.9100000858306885,2.950000047683716,2.819999933242798,2.940000057220459,2.940000057220459,89000
2019-12-27,2.953000068664551,2.953000068664551,2.880000114440918,2.890000104904175,2.890000104904175,62000
2019-12-30,2.875,2.9616000652313232,2.809999942779541,2.8396999835968018,2.8396999835968018,206600
2019-12-31,2.8743999004364014,2.9800000190734863,2.8399999141693115,2.945499897003174,2.945499897003174,112600
2020-01-02,3.049999952316284,3.069999933242798,2.900700092315674,2.9885001182556152,2.9885001182556152,172500
2020-01-03,3.0485000610351562,3.059999942779541,2.9000000953674316,2.9200000762939453,2.9200000762939453,83000
2020-01-06,2.9700000286102295,2.9800000190734863,2.7100000381469727,2.799999952316284,2.799999952316284,177600
2020-01-07,2.7360999584198,2.7899999618530273,2.7200000286102295,2.7799999713897705,2.7799999713897705,85600
2020-01-08,2.7799999713897705,2.7799999713897705,2.5399999618530273,2.5799999237060547,2.5799999237060547,203900
2020-01-09,2.509999990463257,2.6798999309539795,2.509999990463257,2.5999999046325684,2.5999999046325684,104500
2020-01-10,2.5717999935150146,2.640000104904175,2.549999952316284,2.640000104904175,2.640000104904175,101700
2020-01-13,2.6149001121520996,2.6149001121520996,2.509999990463257,2.5399999618530273,2.5399999618530273,50300
2020-01-14,2.505000114440918,2.559999942779541,2.440000057220459,2.4879000186920166,2.4879000186920166,110900
2020-01-15,2.5,2.809999942779541,2.5,2.7799999713897705,2.7799999713897705,229800
2020-01-16,2.789299964904785,2.809999942779541,2.6600000858306885,2.7300000190734863,2.7300000190734863,75200
2020-01-17,2.7672998905181885,2.7899999618530273,2.6603000164031982,2.7300000190734863,2.7300000190734863,42000
2020-01-21,2.700000047683716,2.8013999462127686,2.630000114440918,2.799999952316284,2.799999952316284,127300
2020-01-22,2.6700000762939453,2.7709999084472656,2.6700000762939453,2.740000009536743,2.740000009536743,86800
2020-01-23,2.75,2.759999990463257,2.6500000953674316,2.690000057220459,2.690000057220459,114700
2020-01-24,2.5999999046325684,2.680000066757202,2.549999952316284,2.6024999618530273,2.6024999618530273,77600
2020-01-27,2.615000009536743,2.6168999671936035,2.5199999809265137,2.5490000247955322,2.5490000247955322,96700
2020-01-28,2.4941000938415527,2.5380001068115234,2.4082999229431152,2.5199999809265137,2.5199999809265137,77200
2020-01-29,2.503000020980835,2.559999942779541,2.4100000858306885,2.530600070953369,2.530600070953369,205600
2020-01-30,2.549999952316284,2.6970999240875244,2.4800000190734863,2.6747000217437744,2.6747000217437744,196100
2020-01-31,2.694999933242798,2.7200000286102295,2.5799999237060547,2.609999895095825,2.609999895095825,111600
2020-02-03,2.619999885559082,2.630000114440918,2.474900007247925,2.490000009536743,2.490000009536743,131200
2020-02-04,2.5399999618530273,2.5399999618530273,2.440000057220459,2.4809999465942383,2.4809999465942383,93000
2020-02-05,2.559999942779541,2.559999942779541,2.43530011177063,2.516700029373169,2.516700029373169,60100
2020-02-06,2.49399995803833,2.5999999046325684,2.4200000762939453,2.566800117492676,2.566800117492676,44500
2020-02-07,2.549999952316284,2.569999933242798,2.4730000495910645,2.4790000915527344,2.4790000915527344,65800
2020-02-10,2.458400011062622,2.490000009536743,2.4100000858306885,2.4200000762939453,2.4200000762939453,83200
2020-02-11,2.4200000762939453,2.450000047683716,2.299999952316284,2.369999885559082,2.369999885559082,163400
2020-02-12,2.369999885559082,2.4049999713897705,2.3340001106262207,2.3399999141693115,2.3399999141693115,39000
2020-02-13,2.3787999153137207,2.4189999103546143,2.3399999141693115,2.4000000953674316,2.4000000953674316,80600
2020-02-14,2.369999885559082,2.4159998893737793,2.3477001190185547,2.359999895095825,2.359999895095825,33500
2020-02-18,2.359999895095825,2.377500057220459,2.1154000759124756,2.200000047683716,2.200000047683716,592800
2020-02-19,2.200000047683716,2.25,2.0999999046325684,2.1914000511169434,2.1914000511169434,176900
2020-02-20,2.199899911880493,2.2300000190734863,2.090100049972534,2.140000104904175,2.140000104904175,112500
2020-02-21,2.1700000762939453,2.2049999237060547,2.0046000480651855,2.059999942779541,2.059999942779541,237100
2020-02-24,2.1700000762939453,2.240000009536743,2.049999952316284,2.049999952316284,2.049999952316284,211900
2020-02-25,2.04259991645813,2.0894999504089355,1.8559000492095947,1.8700000047683716,1.8700000047683716,235900
2020-02-26,1.7999999523162842,1.940000057220459,1.7599999904632568,1.909999966621399,1.909999966621399,189300
2020-02-27,1.9600000381469727,1.9600000381469727,1.7000000476837158,1.7999999523162842,1.7999999523162842,471200
2020-02-28,1.7000000476837158,1.75,1.5,1.6299999952316284,1.6299999952316284,610600
2020-03-02,1.6299999952316284,1.8550000190734863,1.625,1.7699999809265137,1.7699999809265137,267900
2020-03-03,1.840000033378601,1.8799999952316284,1.690000057220459,1.8380000591278076,1.8380000591278076,230000
2020-03-04,1.8798999786376953,1.940000057220459,1.8200000524520874,1.9299999475479126,1.9299999475479126,156700
2020-03-05,1.899999976158142,1.9299999475479126,1.850000023841858,1.9299999475479126,1.9299999475479126,105900
2020-03-06,1.809999942779541,1.9292000532150269,1.715000033378601,1.7999999523162842,1.7999999523162842,199400
2020-03-09,1.7300000190734863,1.75,1.5199999809265137,1.570099949836731,1.570099949836731,242900
2020-03-10,1.6073999404907227,1.7000000476837158,1.4500000476837158,1.5,1.5,216200
2020-03-11,1.5299999713897705,1.6469999551773071,1.409999966621399,1.600000023841858,1.600000023841858,215000
2020-03-12,1.350000023841858,1.6100000143051147,1.2400000095367432,1.2400000095367432,1.2400000095367432,363300
2020-03-13,1.4199999570846558,1.4199999570846558,1.100000023841858,1.1200000047683716,1.1200000047683716,450900
2020-03-16,1.1950000524520874,1.2000000476837158,1.0,1.1100000143051147,1.1100000143051147,464300
2020-03-17,1.159999966621399,1.3899999856948853,1.100000023841858,1.3300000429153442,1.3300000429153442,302600
2020-03-18,1.2999999523162842,1.3899999856948853,1.1299999952316284,1.1800999641418457,1.1800999641418457,157700
2020-03-19,1.0700000524520874,1.3200000524520874,1.061400055885315,1.2300000190734863,1.2300000190734863,238100
2020-03-20,1.3650000095367432,1.3700000047683716,1.0765000581741333,1.0791000127792358,1.0791000127792358,178100
2020-03-23,1.0850000381469727,1.159999966621399,1.0299999713897705,1.1100000143051147,1.1100000143051147,187500
2020-03-24,1.2699999809265137,1.5099999904632568,1.25600004196167,1.3200000524520874,1.3200000524520874,302000
2020-03-25,1.4249999523162842,1.600000023841858,1.3700000047683716,1.4500000476837158,1.4500000476837158,369300
2020-03-26,1.5372999906539917,1.649999976158142,1.5,1.5499999523162842,1.5499999523162842,216900
2020-03-27,1.649999976158142,1.649999976158142,1.2999999523162842,1.3300000429153442,1.3300000429153442,230700
2020-03-30,1.2899999618530273,1.388100028038025,1.2300000190734863,1.2726999521255493,1.2726999521255493,121300
2020-03-31,1.2710000276565552,1.2799999713897705,1.159999966621399,1.2000000476837158,1.2000000476837158,131200
2020-04-01,1.2300000190734863,1.2400000095367432,1.1799999475479126,1.2400000095367432,1.2400000095367432,122200
2020-04-02,1.3154000043869019,1.399999976158142,1.2599999904632568,1.309999942779541,1.309999942779541,103300
2020-04-03,1.3270000219345093,1.3401000499725342,1.229099988937378,1.2595000267028809,1.2595000267028809,99300
2020-04-06,1.3300000429153442,1.3799999952316284,1.2899999618530273,1.340000033378601,1.340000033378601,177000
2020-04-07,1.284999966621399,1.4606000185012817,1.284999966621399,1.3899999856948853,1.3899999856948853,97300
2020-04-08,1.4299999475479126,1.4299999475479126,1.350000023841858,1.3600000143051147,1.3600000143051147,80500
2020-04-09,1.5800000429153442,1.5800000429153442,1.4184000492095947,1.472000002861023,1.472000002861023,252300
2020-04-13,1.590000033378601,1.7699999809265137,1.4149999618530273,1.7275999784469604,1.7275999784469604,300300
2020-04-14,1.8200000524520874,2.0499000549316406,1.7599999904632568,1.7799999713897705,1.7799999713897705,314600
2020-04-15,1.659999966621399,1.8763999938964844,1.6044000387191772,1.773300051689148,1.773300051689148,210400
2020-04-16,1.7610000371932983,1.899999976158142,1.684999942779541,1.8336000442504883,1.8336000442504883,179200
2020-04-17,1.8300000429153442,1.9700000286102295,1.6799999475479126,1.7400000095367432,1.7400000095367432,204600
2020-04-20,1.6699999570846558,1.7699999809265137,1.659999966621399,1.690000057220459,1.690000057220459,171200
2020-04-21,1.6632000207901,1.7506999969482422,1.6299999952316284,1.7506999969482422,1.7506999969482422,243900
2020-04-22,1.7899999618530273,1.8799999952316284,1.7899999618530273,1.8799999952316284,1.8799999952316284,191900
2020-04-23,1.9550000429153442,2.0794999599456787,1.8200000524520874,1.840000033378601,1.840000033378601,201000
2020-04-24,1.7899999618530273,1.940000057220459,1.7699999809265137,1.809999942779541,1.809999942779541,128700
2020-04-27,1.8700000047683716,1.9845999479293823,1.809999942779541,1.9299999475479126,1.9299999475479126,105200
2020-04-28,2.0,2.0,1.8432999849319458,1.8961999416351318,1.8961999416351318,135800
2020-04-29,1.8200000524520874,2.0,1.8200000524520874,1.9800000190734863,1.9800000190734863,100800
2020-04-30,2.0,2.0,1.9194999933242798,1.9199999570846558,1.9199999570846558,82500
2020-05-01,1.8899999856948853,1.9342999458312988,1.820099949836731,1.8772000074386597,1.8772000074386597,198900
2020-05-04,1.899999976158142,1.9900000095367432,1.850000023841858,1.9900000095367432,1.9900000095367432,84000
2020-05-05,1.9797999858856201,2.1294000148773193,1.9600000381469727,2.1294000148773193,2.1294000148773193,164500
2020-05-06,2.130000114440918,2.134999990463257,1.9700000286102295,1.9952000379562378,1.9952000379562378,242900
2020-05-07,2.075000047683716,2.1345999240875244,1.940000057220459,2.0999999046325684,2.0999999046325684,206200
2020-05-08,2.0799999237060547,2.1500000953674316,2.0552000999450684,2.069999933242798,2.069999933242798,87100
2020-05-11,2.200000047683716,2.200000047683716,1.9199999570846558,2.0,2.0,182700
2020-05-12,2.0199999809265137,2.0350000858306885,1.9299999475479126,1.940000057220459,1.940000057220459,71800
2020-05-13,1.998900055885315,1.998900055885315,1.850000023841858,1.8799999952316284,1.8799999952316284,154300
2020-05-14,1.8600000143051147,1.9375,1.8300000429153442,1.9194999933242798,1.9194999933242798,111700
2020-05-15,2.0,2.130000114440918,1.937399983406067,2.0799999237060547,2.0799999237060547,324900
2020-05-18,2.190000057220459,2.3499999046325684,2.130000114440918,2.309999942779541,2.309999942779541,180700
2020-05-19,2.200000047683716,2.339099884033203,2.109999895095825,2.2799999713897705,2.2799999713897705,293800
2020-05-20,2.3819000720977783,2.515000104904175,2.3443000316619873,2.4749999046325684,2.4749999046325684,388000
2020-05-21,2.509999990463257,2.5399999618530273,2.2850000858306885,2.3299999237060547,2.3299999237060547,238200
2020-05-22,2.380000114440918,2.450000047683716,2.3464999198913574,2.440000057220459,2.440000057220459,106500
2020-05-26,2.4600000381469727,2.5703999996185303,2.3949999809265137,2.450000047683716,2.450000047683716,312300
2020-05-27,2.4000000953674316,2.6700000762939453,2.359999895095825,2.619999885559082,2.619999885559082,232600
2020-05-28,2.6610000133514404,2.7244999408721924,2.492000102996826,2.5299999713897705,2.5299999713897705,213200
2020-05-29,2.613600015640259,2.6600000858306885,2.369999885559082,2.4398999214172363,2.4398999214172363,191900
2020-06-01,2.440000057220459,2.490000009536743,2.3680999279022217,2.45740008354187,2.45740008354187,166500
2020-06-02,2.490000009536743,2.5053000450134277,2.309999942779541,2.3299999237060547,2.3299999237060547,179800
2020-06-03,2.2699999809265137,2.309999942779541,2.190000057220459,2.250999927520752,2.250999927520752,184800
2020-06-04,2.2899999618530273,2.4800000190734863,2.2799999713897705,2.415600061416626,2.415600061416626,162600
2020-06-05,2.174999952316284,2.380000114440918,2.1500000953674316,2.365499973297119,2.365499973297119,154000
2020-06-08,2.3364999294281006,2.4800000190734863,2.319999933242798,2.4700000286102295,2.4700000286102295,159500
2020-06-09,2.4700000286102295,2.509999990463257,2.369999885559082,2.450000047683716,2.450000047683716,96800
2020-06-10,2.3299999237060547,2.4800000190734863,2.3299999237060547,2.450000047683716,2.450000047683716,127100
2020-06-11,2.4800000190734863,2.549499988555908,2.3296000957489014,2.359999895095825,2.359999895095825,323700
2020-06-12,2.390000104904175,2.490000009536743,2.3427000045776367,2.440000057220459,2.440000057220459,246100
2020-06-15,2.4007999897003174,2.5495998859405518,2.2300000190734863,2.5250000953674316,2.5250000953674316,195100
2020-06-16,2.5399999618530273,2.640000104904175,2.5399999618530273,2.565000057220459,2.565000057220459,253100
2020-06-17,2.6005001068115234,2.690000057220459,2.600399971008301,2.6547000408172607,2.6547000408172607,144800
2020-06-18,2.6451001167297363,2.6700000762939453,2.5341999530792236,2.559999942779541,2.559999942779541,126200
2020-06-19,2.523900032043457,2.609999895095825,2.450000047683716,2.5,2.5,172400
2020-06-22,2.4000000953674316,2.75,2.4000000953674316,2.7300000190734863,2.7300000190734863,370400
2020-06-23,2.762700080871582,2.799999952316284,2.7200000286102295,2.75,2.75,177000
2020-06-24,2.75,2.816800117492676,2.6637001037597656,2.7356998920440674,2.7356998920440674,187600
2020-06-25,2.747299909591675,2.799999952316284,2.699899911880493,2.759999990463257,2.759999990463257,141500
2020-06-26,2.7799999713897705,2.809999942779541,2.6700000762939453,2.7899999618530273,2.7899999618530273,202600
2020-06-29,2.819999933242798,2.880000114440918,2.799999952316284,2.813999891281128,2.813999891281128,222200
2020-06-30,2.7699999809265137,2.8499999046325684,2.7200000286102295,2.7799999713897705,2.7799999713897705,232100
2020-07-01,2.7799999713897705,2.8399999141693115,2.7100000381469727,2.7899999618530273,2.7899999618530273,126400
2020-07-02,2.7899999618530273,2.8499999046325684,2.7200000286102295,2.7300000190734863,2.7300000190734863,165000
2020-07-06,2.8499999046325684,2.8499999046325684,2.75,2.8399999141693115,2.8399999141693115,180000
2020-07-07,2.8447999954223633,2.85260009765625,2.7850000858306885,2.8499999046325684,2.8499999046325684,159700
2020-07-08,2.8951001167297363,3.089600086212158,2.880000114440918,3.0139000415802,3.0139000415802,247000
2020-07-09,3.069999933242798,3.084700107574463,2.799999952316284,2.940000057220459,2.940000057220459,182300
2020-07-10,2.951200008392334,3.0829999446868896,2.865000009536743,2.940000057220459,2.940000057220459,117000
2020-07-13,3.0999999046325684,3.119999885559082,2.759999990463257,2.759999990463257,2.759999990463257,198700
2020-07-14,2.9549999237060547,2.9549999237060547,2.6614999771118164,2.819999933242798,2.819999933242798,186300
2020-07-15,2.9000000953674316,2.9100000858306885,2.7100000381469727,2.880000114440918,2.880000114440918,128600
2020-07-16,3.069999933242798,3.069999933242798,2.799999952316284,2.8399999141693115,2.8399999141693115,106500
2020-07-17,2.799999952316284,2.990000009536743,2.799999952316284,2.9700000286102295,2.9700000286102295,124000
2020-07-20,2.9769999980926514,3.069999933242798,2.9769999980926514,3.035799980163574,3.035799980163574,186700
2020-07-21,3.009999990463257,3.0999999046325684,2.930000066757202,2.9690001010894775,2.9690001010894775,255000
2020-07-22,2.75,2.990000009536743,2.75,2.930000066757202,2.930000066757202,303400
2020-07-23,2.9000000953674316,3.0799999237060547,2.7200000286102295,2.7988998889923096,2.7988998889923096,306800
2020-07-24,2.8550000190734863,2.8550000190734863,2.7304999828338623,2.759700059890747,2.759700059890747,230000
2020-07-27,2.759999990463257,2.930000066757202,2.6600000858306885,2.7699999809265137,2.7699999809265137,384100
2020-07-28,2.799999952316284,2.799999952316284,2.690000057220459,2.7149999141693115,2.7149999141693115,246400
2020-07-29,2.7139999866485596,2.759999990463257,2.6484999656677246,2.6600000858306885,2.6600000858306885,181900
2020-07-30,2.640000104904175,2.744999885559082,2.569999933242798,2.680000066757202,2.680000066757202,244400
2020-07-31,2.759999990463257,2.869999885559082,2.7300000190734863,2.869999885559082,2.869999885559082,154100
2020-08-03,2.9100000858306885,3.299999952316284,2.9000000953674316,3.294800043106079,3.294800043106079,585800
2020-08-04,3.294800043106079,3.294800043106079,3.294800043106079,3.294800043106079,3.294800043106079,0
2020-08-05,3.294800043106079,3.294800043106079,3.294800043106079,3.294800043106079,3.294800043106079,0
2020-08-06,2.946000099182129,3.0999999046325684,2.5978000164031982,2.6600000858306885,2.6600000858306885,1846000
2020-08-07,2.680000066757202,2.799999952316284,2.549299955368042,2.5862998962402344,2.5862998962402344,453000
2020-08-10,2.6500000953674316,2.7699999809265137,2.5899999141693115,2.686000108718872,2.686000108718872,379900
2020-08-11,2.630000114440918,2.6679999828338623,2.5,2.515000104904175,2.515000104904175,335500
2020-08-12,2.5899999141693115,2.740000009536743,2.5715999603271484,2.640000104904175,2.640000104904175,454000
2020-08-13,2.8299999237060547,2.8299999237060547,2.5999999046325684,2.6600000858306885,2.6600000858306885,367000
2020-08-14,2.630000114440918,2.7699999809265137,2.5999999046325684,2.6173999309539795,2.6173999309539795,198700
2020-08-17,2.7249999046325684,2.7699999809265137,2.5,2.720900058746338,2.720900058746338,382600
2020-08-18,2.740000009536743,2.799999952316284,2.668600082397461,2.680000066757202,2.680000066757202,175200
2020-08-19,2.6600000858306885,2.7200000286102295,2.630000114440918,2.700000047683716,2.700000047683716,121600
2020-08-20,2.6700000762939453,2.75,2.640000104904175,2.6700000762939453,2.6700000762939453,146800
2020-08-21,2.6500000953674316,2.700000047683716,2.5899999141693115,2.640000104904175,2.640000104904175,225100
2020-08-24,2.619999885559082,2.664400100708008,2.4600000381469727,2.5,2.5,424500
2020-08-25,2.549999952316284,2.559999942779541,2.430000066757202,2.490000009536743,2.490000009536743,201200
2020-08-26,2.490000009536743,2.630000114440918,2.4149999618530273,2.630000114440918,2.630000114440918,99500
2020-08-27,2.6540000438690186,2.75,2.5299999713897705,2.581399917602539,2.581399917602539,207200
2020-08-28,2.5799999237060547,2.6549999713897705,2.5199999809265137,2.5199999809265137,2.5199999809265137,140600
2020-08-31,2.5999999046325684,2.680000066757202,2.5199999809265137,2.546799898147583,2.546799898147583,180500
2020-09-01,2.5999999046325684,2.6059999465942383,2.5299999713897705,2.5350000858306885,2.5350000858306885,199800
2020-09-02,2.5299999713897705,2.5299999713897705,2.4788999557495117,2.490000009536743,2.490000009536743,254400
2020-09-03,2.490000009536743,2.555000066757202,2.430000066757202,2.5064001083374023,2.5064001083374023,210900
2020-09-04,2.444999933242798,2.578700065612793,2.444999933242798,2.5239999294281006,2.5239999294281006,83500
2020-09-08,2.5250000953674316,2.5399999618530273,2.4600000381469727,2.5339999198913574,2.5339999198913574,207800
2020-09-09,2.5199999809265137,2.6844000816345215,2.5041000843048096,2.6486001014709473,2.6486001014709473,192100
2020-09-10,2.680000066757202,2.680000066757202,2.5999999046325684,2.6379001140594482,2.6379001140594482,76500
2020-09-11,2.549999952316284,2.700000047683716,2.5250000953674316,2.566200017929077,2.566200017929077,170800
2020-09-14,2.549999952316284,2.569999933242798,2.4937000274658203,2.560499906539917,2.560499906539917,173800
2020-09-15,2.690000057220459,2.690000057220459,2.5399999618530273,2.609999895095825,2.609999895095825,176300
2020-09-16,2.700000047683716,2.799999952316284,2.5985000133514404,2.799999952316284,2.799999952316284,238800
2020-09-17,2.799999952316284,2.9100000858306885,2.700000047683716,2.835400104522705,2.835400104522705,228100
2020-09-18,2.890000104904175,2.94950008392334,2.759999990463257,2.939500093460083,2.939500093460083,135800
2020-09-21,2.9000000953674316,2.9600000381469727,2.740000009536743,2.880000114440918,2.880000114440918,343400
2020-09-22,2.990000009536743,2.990000009536743,2.75,2.7699999809265137,2.7699999809265137,209900
2020-09-23,2.890000104904175,2.890000104904175,2.430000066757202,2.4600000381469727,2.4600000381469727,329200
2020-09-24,2.5199999809265137,2.6700000762939453,2.509999990463257,2.569999933242798,2.569999933242798,279100
2020-09-25,2.640399932861328,2.640399932861328,2.5,2.5689001083374023,2.5689001083374023,119900
2020-09-28,2.5799999237060547,2.630000114440918,2.4700000286102295,2.5697999000549316,2.5697999000549316,211400
2020-09-29,2.5,2.677999973297119,2.5,2.5977001190185547,2.5977001190185547,176000
2020-09-30,2.5799999237060547,2.5999999046325684,2.4800000190734863,2.549999952316284,2.549999952316284,115800
2020-10-01,2.5725998878479004,2.611299991607666,2.499500036239624,2.522900104522705,2.522900104522705,94800
2020-10-02,2.5199999809265137,2.619999885559082,2.484999895095825,2.5,2.5,51200
2020-10-05,2.505000114440918,2.5799999237060547,2.453700065612793,2.509999990463257,2.509999990463257,113200
2020-10-06,2.5,2.549999952316284,2.4100000858306885,2.4546000957489014,2.4546000957489014,193000
2020-10-07,2.4811999797821045,2.500200033187866,2.430000066757202,2.4749999046325684,2.4749999046325684,51300
2020-10-08,2.490000009536743,2.5297000408172607,2.4800000190734863,2.5216000080108643,2.5216000080108643,54300
2020-10-09,2.574199914932251,2.6500000953674316,2.574199914932251,2.615000009536743,2.615000009536743,183500
2020-10-12,2.6600000858306885,2.680000066757202,2.569999933242798,2.5850000381469727,2.5850000381469727,77400
2020-10-13,2.617300033569336,2.680000066757202,2.565999984741211,2.6600000858306885,2.6600000858306885,80400
2020-10-14,2.6907999515533447,2.75,2.690000057220459,2.7200000286102295,2.7200000286102295,261200
2020-10-15,2.700000047683716,2.7750000953674316,2.640000104904175,2.6500000953674316,2.6500000953674316,106800
2020-10-16,2.700000047683716,2.7300000190734863,2.619999885559082,2.640000104904175,2.640000104904175,93100
2020-10-19,2.626499891281128,2.6700000762939453,2.5950000286102295,2.6700000762939453,2.6700000762939453,63000
2020-10-20,2.6600000858306885,2.6700000762939453,2.600100040435791,2.6600000858306885,2.6600000858306885,121700
2020-10-21,2.700000047683716,2.7699999809265137,2.700000047683716,2.7100000381469727,2.7100000381469727,69500
2020-10-22,2.690000057220459,2.7300000190734863,2.684999942779541,2.7100000381469727,2.7100000381469727,92300
2020-10-23,2.700000047683716,2.7197000980377197,2.6500000953674316,2.698699951171875,2.698699951171875,64900
2020-10-26,2.625,2.690000057220459,2.6050000190734863,2.6600000858306885,2.6600000858306885,136400
2020-10-27,2.6600000858306885,2.66759991645813,2.5999999046325684,2.66759991645813,2.66759991645813,100200
2020-10-28,2.5999999046325684,2.5999999046325684,2.369999885559082,2.4149999618530273,2.4149999618530273,400300
2020-10-29,2.359999895095825,2.509000062942505,2.3399999141693115,2.426500082015991,2.426500082015991,211800
2020-10-30,2.5199999809265137,2.5199999809265137,2.4000000953674316,2.430000066757202,2.430000066757202,212200
2020-11-02,2.430000066757202,2.5,2.4200000762939453,2.450000047683716,2.450000047683716,108000
2020-11-03,2.4667999744415283,2.559999942779541,2.4600000381469727,2.559999942779541,2.559999942779541,134400
2020-11-04,2.5250000953674316,2.7300000190734863,2.5250000953674316,2.6798999309539795,2.6798999309539795,227100
2020-11-05,2.7699999809265137,2.809999942779541,2.6600000858306885,2.753000020980835,2.753000020980835,358000
2020-11-06,2.799999952316284,2.9100000858306885,2.6500000953674316,2.6875,2.6875,230100
2020-11-09,2.690000057220459,2.7167999744415283,2.5299999713897705,2.6600000858306885,2.6600000858306885,139200
2020-11-10,2.6600000858306885,2.680000066757202,2.5299999713897705,2.5734000205993652,2.5734000205993652,142100
2020-11-11,2.5964999198913574,2.663300037384033,2.5299999713897705,2.5999999046325684,2.5999999046325684,64400
2020-11-12,2.5999999046325684,2.619999885559082,2.490000009536743,2.490000009536743,2.490000009536743,115400
2020-11-13,2.5485000610351562,2.5485000610351562,2.4600000381469727,2.481600046157837,2.481600046157837,167200
2020-11-16,2.509999990463257,2.509999990463257,2.4049999713897705,2.4651999473571777,2.4651999473571777,269500
2020-11-17,2.430000066757202,2.4600000381469727,2.385499954223633,2.4000000953674316,2.4000000953674316,154600
2020-11-18,2.4047999382019043,2.4100000858306885,2.25,2.259999990463257,2.259999990463257,261700
2020-11-19,2.25,2.299999952316284,2.109999895095825,2.265199899673462,2.265199899673462,292700
2020-11-20,2.3331000804901123,2.369999885559082,2.2899999618530273,2.316499948501587,2.316499948501587,77100
2020-11-23,2.319999933242798,2.39520001411438,2.180000066757202,2.259999990463257,2.259999990463257,154100
2020-11-24,2.2841999530792236,2.285799980163574,2.180000066757202,2.200000047683716,2.200000047683716,133800
2020-11-25,2.200000047683716,2.234499931335449,2.0999999046325684,2.119999885559082,2.119999885559082,227400
2020-11-27,1.940000057220459,1.940000057220459,1.7699999809265137,1.809999942779541,1.809999942779541,1044700
2020-11-30,1.6299999952316284,1.850000023841858,1.6299999952316284,1.8250000476837158,1.8250000476837158,425100
2020-12-01,2.0,2.0399999618530273,1.8176000118255615,1.8300000429153442,1.8300000429153442,382000
2020-12-02,1.885599970817566,1.885599970817566,1.7999999523162842,1.7999999523162842,1.7999999523162842,188900
2020-12-03,1.8102999925613403,1.840000033378601,1.7799999713897705,1.795199990272522,1.795199990272522,145200
2020-12-04,1.8200000524520874,1.8200000524520874,1.75,1.7599999904632568,1.7599999904632568,288100
2020-12-07,1.75,1.850000023841858,1.75,1.7699999809265137,1.7699999809265137,273600
2020-12-08,1.850000023841858,1.850000023841858,1.75,1.7559000253677368,1.7559000253677368,147700
2020-12-09,1.75,1.7999999523162842,1.6799999475479126,1.7100000381469727,1.7100000381469727,250600
2020-12-10,1.8600000143051147,1.8600000143051147,1.659999966621399,1.729699969291687,1.729699969291687,100900
2020-12-11,1.7300000190734863,1.7999999523162842,1.7105000019073486,1.784999966621399,1.784999966621399,111500
2020-12-14,1.7699999809265137,1.7899999618530273,1.5836999416351318,1.6100000143051147,1.6100000143051147,592800
2020-12-15,1.6100000143051147,1.7100000381469727,1.6100000143051147,1.6699999570846558,1.6699999570846558,327200
2020-12-16,1.6823999881744385,1.6919000148773193,1.600000023841858,1.6299999952316284,1.6299999952316284,217200
2020-12-17,1.6299999952316284,1.7699999809265137,1.627500057220459,1.7699999809265137,1.7699999809265137,340000
2020-12-18,1.7699999809265137,1.8600000143051147,1.75,1.7699999809265137,1.7699999809265137,482000
2020-12-21,1.7699999809265137,1.8799999952316284,1.7599999904632568,1.7999999523162842,1.7999999523162842,248800
2020-12-22,1.840000033378601,1.840000033378601,1.7100000381469727,1.7999999523162842,1.7999999523162842,193900
2020-12-23,1.850000023841858,1.850000023841858,1.7699999809265137,1.8200000524520874,1.8200000524520874,166300
2020-12-24,1.858299970626831,1.8899999856948853,1.8200000524520874,1.868899941444397,1.868899941444397,104300
2020-12-28,1.9700000286102295,2.0399999618530273,1.8949999809265137,1.9600000381469727,1.9600000381469727,245200
2020-12-29,1.909999966621399,1.940000057220459,1.850000023841858,1.8700000047683716,1.8700000047683716,452800
2020-12-30,1.9049999713897705,1.909999966621399,1.8205000162124634,1.8700000047683716,1.8700000047683716,205700
2020-12-31,1.8899999856948853,1.909999966621399,1.8700000047683716,1.8799999952316284,1.8799999952316284,262500
2021-01-04,1.9900000095367432,2.0299999713897705,1.7999999523162842,1.9500000476837158,1.9500000476837158,443500
2021-01-05,2.140000104904175,2.140000104904175,1.940000057220459,1.9900000095367432,1.9900000095367432,214500
2021-01-06,1.9900000095367432,2.0309998989105225,1.899999976158142,1.9199999570846558,1.9199999570846558,301000
2021-01-07,1.940000057220459,1.9700000286102295,1.899999976158142,1.9600000381469727,1.9600000381469727,111000
2021-01-08,1.9700000286102295,1.9700000286102295,1.850000023841858,1.899999976158142,1.899999976158142,207600
2021-01-11,1.9600000381469727,1.9600000381469727,1.7999999523162842,1.8300000429153442,1.8300000429153442,173400
2021-01-12,1.840000033378601,1.8600000143051147,1.7899999618530273,1.8194999694824219,1.8194999694824219,156900
2021-01-13,1.7999999523162842,1.8600000143051147,1.7999999523162842,1.8300000429153442,1.8300000429153442,116000
2021-01-14,1.8200000524520874,1.899999976158142,1.7999999523162842,1.850000023841858,1.850000023841858,99600
2021-01-15,1.8600000143051147,1.8600000143051147,1.7899999618530273,1.8099000453948975,1.8099000453948975,169900
2021-01-19,1.774999976158142,1.8200000524520874,1.774999976158142,1.7999999523162842,1.7999999523162842,215600
2021-01-20,1.7999999523162842,2.009999990463257,1.7999999523162842,1.9700000286102295,1.9700000286102295,285500
2021-01-21,1.9737999439239502,1.9882999658584595,1.8300000429153442,1.9499000310897827,1.9499000310897827,126600
2021-01-22,1.8300000429153442,1.899999976158142,1.8300000429153442,1.8600000143051147,1.8600000143051147,74900
2021-01-25,1.875,1.875,1.7799999713897705,1.7899999618530273,1.7899999618530273,184900
2021-01-26,1.7999999523162842,1.8229999542236328,1.7799999713897705,1.7999999523162842,1.7999999523162842,99100
2021-01-27,1.8200000524520874,1.850000023841858,1.7200000286102295,1.7299000024795532,1.7299000024795532,167600
2021-01-28,1.6699999570846558,1.809999942779541,1.6699999570846558,1.7400000095367432,1.7400000095367432,167500
2021-01-29,1.7350000143051147,1.8300000429153442,1.7300000190734863,1.7699999809265137,1.7699999809265137,305400
2021-02-01,1.8025000095367432,1.9500000476837158,1.7599999904632568,1.7699999809265137,1.7699999809265137,313200
2021-02-02,1.725000023841858,1.8200000524520874,1.7100000381469727,1.7899999618530273,1.7899999618530273,158000
2021-02-03,1.7900999784469604,2.13700008392334,1.7618999481201172,2.119999885559082,2.119999885559082,434600
2021-02-04,2.0959999561309814,2.119999885559082,1.9479999542236328,2.119999885559082,2.119999885559082,367300
2021-02-05,2.1500000953674316,2.5225000381469727,2.142400026321411,2.5199999809265137,2.5199999809265137,952000
